# run: Mean_20230628
# model: Mean
# Shielding angle [deg.]:      -90.0000
# North, East and vertical components of magnetic field
# Station: ABK
#Position (GEO): lon=       18.8240 lat=      68.3560
Year Month Day Hour Min Sec GeomagLat GeomagLon dBdt_Horizonatl
[year] [month] [day] [hour] [min] [s] [deg] [deg] [nT/s]

2011 08 05 09 10 00     65.112     102.308     0.02463
2011 08 05 09 30 00     65.112     102.308     0.03396
2011 08 05 09 50 00     65.112     102.308     0.04186
2011 08 05 10 10 00     65.112     102.308     0.02240
2011 08 05 10 30 00     65.112     102.308     0.02599
2011 08 05 10 50 00     65.112     102.308     0.04192
2011 08 05 11 10 00     65.112     102.308     0.02327
2011 08 05 11 30 00     65.112     102.308     0.02730
2011 08 05 11 50 00     65.112     102.308     0.03576
2011 08 05 12 10 00     65.112     102.308     0.04546
2011 08 05 12 30 00     65.112     102.308     0.04685
2011 08 05 12 50 00     65.112     102.308     0.04589
2011 08 05 13 10 00     65.112     102.308     0.08920
2011 08 05 13 30 00     65.112     102.308     0.07415
2011 08 05 13 50 00     65.112     102.308     0.03628
2011 08 05 14 10 00     65.112     102.308     0.03341
2011 08 05 14 30 00     65.112     102.308     0.03061
2011 08 05 14 50 00     65.112     102.308     0.04227
2011 08 05 15 10 00     65.112     102.308     0.04429
2011 08 05 15 30 00     65.112     102.308     0.03413
2011 08 05 15 50 00     65.112     102.308     0.04098
2011 08 05 16 10 00     65.112     102.308     0.04055
2011 08 05 16 30 00     65.112     102.308     0.04067
2011 08 05 16 50 00     65.112     102.308     0.04426
2011 08 05 17 10 00     65.112     102.308     0.03448
2011 08 05 17 30 00     65.112     102.308     0.02899
2011 08 05 17 50 00     65.112     102.308     0.02611
2011 08 05 18 10 00     65.112     102.308     0.08841
2011 08 05 18 30 00     65.112     102.308     0.17144
2011 08 05 18 50 00     65.112     102.308     0.18967
2011 08 05 19 10 00     65.112     102.308     0.23317
2011 08 05 19 30 00     65.112     102.308     0.96518
2011 08 05 19 50 00     65.112     102.308     0.71019
2011 08 05 20 10 00     65.112     102.308     1.05837
2011 08 05 20 30 00     65.112     102.308     2.44595
2011 08 05 20 50 00     65.112     102.308     1.28697
2011 08 05 21 10 00     65.112     102.308     0.78236
2011 08 05 21 30 00     65.112     102.308     0.65868
2011 08 05 21 50 00     65.112     102.308     0.96120
2011 08 05 22 10 00     65.112     102.308     1.02921
2011 08 05 22 30 00     65.112     102.308     0.40192
2011 08 05 22 50 00     65.112     102.308     0.83088
2011 08 05 23 10 00     65.112     102.308     1.44361
2011 08 05 23 30 00     65.112     102.308     0.77356
2011 08 05 23 50 00     65.112     102.308     0.39876
2011 08 06 00 10 00     65.112     102.308     0.41454
2011 08 06 00 30 00     65.112     102.308     nan
2011 08 06 00 50 00     65.112     102.308     0.60747
2011 08 06 01 10 00     65.112     102.308     0.67527
2011 08 06 01 30 00     65.112     102.308     0.43842
2011 08 06 01 50 00     65.112     102.308     0.27122
2011 08 06 02 10 00     65.112     102.308     0.28538
2011 08 06 02 30 00     65.112     102.308     0.30368
2011 08 06 02 50 00     65.112     102.308     0.30751
2011 08 06 03 10 00     65.112     102.308     0.31896
2011 08 06 03 30 00     65.112     102.308     0.34052
2011 08 06 03 50 00     65.112     102.308     0.31117
2011 08 06 04 10 00     65.112     102.308     0.11723
2011 08 06 04 30 00     65.112     102.308     0.16670
2011 08 06 04 50 00     65.112     102.308     0.19161
2011 08 06 05 10 00     65.112     102.308     0.22094
2011 08 06 05 30 00     65.112     102.308     0.34495
2011 08 06 05 50 00     65.112     102.308     0.36136
2011 08 06 06 10 00     65.112     102.308     0.40107
2011 08 06 06 30 00     65.112     102.308     0.39904
2011 08 06 06 50 00     65.112     102.308     0.45468
2011 08 06 07 10 00     65.112     102.308     0.35641
2011 08 06 07 30 00     65.112     102.308     0.38201
2011 08 06 07 50 00     65.112     102.308     0.28469
2011 08 06 08 10 00     65.112     102.308     0.26928
2011 08 06 08 30 00     65.112     102.308     0.18606
2011 08 06 08 50 00     65.112     102.308     0.20603
