# run: Mean_20230628
# model: Mean
# Shielding angle [deg.]:      -90.0000
# North, East and vertical components of magnetic field
# Station: SNK
#Position (GEO): lon=       280.800 lat=      56.6000
Year Month Day Hour Min Sec GeomagLat GeomagLon dBdt_Horizonatl
[year] [month] [day] [hour] [min] [s] [deg] [deg] [nT/s]

2011 08 05 09 10 00     66.41     358.083     0.05063
2011 08 05 09 30 00     66.41     358.083     0.03681
2011 08 05 09 50 00     66.41     358.083     0.03348
2011 08 05 10 10 00     66.41     358.083     0.04544
2011 08 05 10 30 00     66.41     358.083     0.04273
2011 08 05 10 50 00     66.41     358.083     0.04059
2011 08 05 11 10 00     66.41     358.083     0.02263
2011 08 05 11 30 00     66.41     358.083     0.02753
2011 08 05 11 50 00     66.41     358.083     0.03215
2011 08 05 12 10 00     66.41     358.083     0.02782
2011 08 05 12 30 00     66.41     358.083     0.03273
2011 08 05 12 50 00     66.41     358.083     0.05585
2011 08 05 13 10 00     66.41     358.083     0.07923
2011 08 05 13 30 00     66.41     358.083     0.04742
2011 08 05 13 50 00     66.41     358.083     0.03538
2011 08 05 14 10 00     66.41     358.083     0.05479
2011 08 05 14 30 00     66.41     358.083     0.03613
2011 08 05 14 50 00     66.41     358.083     0.03795
2011 08 05 15 10 00     66.41     358.083     0.02949
2011 08 05 15 30 00     66.41     358.083     0.03498
2011 08 05 15 50 00     66.41     358.083     0.03682
2011 08 05 16 10 00     66.41     358.083     0.03459
2011 08 05 16 30 00     66.41     358.083     0.04238
2011 08 05 16 50 00     66.41     358.083     0.04562
2011 08 05 17 10 00     66.41     358.083     0.03258
2011 08 05 17 30 00     66.41     358.083     0.02890
2011 08 05 17 50 00     66.41     358.083     0.03579
2011 08 05 18 10 00     66.41     358.083     0.07709
2011 08 05 18 30 00     66.41     358.083     0.21263
2011 08 05 18 50 00     66.41     358.083     0.18349
2011 08 05 19 10 00     66.41     358.083     0.28366
2011 08 05 19 30 00     66.41     358.083     0.93542
2011 08 05 19 50 00     66.41     358.083     0.43232
2011 08 05 20 10 00     66.41     358.083     1.23368
2011 08 05 20 30 00     66.41     358.083     3.54670
2011 08 05 20 50 00     66.41     358.083     2.05599
2011 08 05 21 10 00     66.41     358.083     1.88789
2011 08 05 21 30 00     66.41     358.083     0.46309
2011 08 05 21 50 00     66.41     358.083     0.69123
2011 08 05 22 10 00     66.41     358.083     0.71428
2011 08 05 22 30 00     66.41     358.083     0.51136
2011 08 05 22 50 00     66.41     358.083     0.48173
2011 08 05 23 10 00     66.41     358.083     0.69837
2011 08 05 23 30 00     66.41     358.083     0.53937
2011 08 05 23 50 00     66.41     358.083     0.88320
2011 08 06 00 10 00     66.41     358.083     0.49595
2011 08 06 00 30 00     66.41     358.083     0.37250
2011 08 06 00 50 00     66.41     358.083     0.61811
2011 08 06 01 10 00     66.41     358.083     0.37710
2011 08 06 01 30 00     66.41     358.083     0.48488
2011 08 06 01 50 00     66.41     358.083     0.38225
2011 08 06 02 10 00     66.41     358.083     0.36914
2011 08 06 02 30 00     66.41     358.083     0.29633
2011 08 06 02 50 00     66.41     358.083     0.43465
2011 08 06 03 10 00     66.41     358.083     0.42300
2011 08 06 03 30 00     66.41     358.083     0.38288
2011 08 06 03 50 00     66.41     358.083     0.19106
2011 08 06 04 10 00     66.41     358.083     0.23546
2011 08 06 04 30 00     66.41     358.083     0.14935
2011 08 06 04 50 00     66.41     358.083     0.17744
2011 08 06 05 10 00     66.41     358.083     0.23006
2011 08 06 05 30 00     66.41     358.083     0.27419
2011 08 06 05 50 00     66.41     358.083     0.26978
2011 08 06 06 10 00     66.41     358.083     0.34207
2011 08 06 06 30 00     66.41     358.083     0.37152
2011 08 06 06 50 00     66.41     358.083     0.48003
2011 08 06 07 10 00     66.41     358.083     0.36968
2011 08 06 07 30 00     66.41     358.083     0.33231
2011 08 06 07 50 00     66.41     358.083     0.22577
2011 08 06 08 10 00     66.41     358.083     0.40442
2011 08 06 08 30 00     66.41     358.083     0.20519
2011 08 06 08 50 00     66.41     358.083     0.26750
