# run: Mean_20230626
# model: Mean
# Shielding angle [deg.]:      -90.0000
# North, East and vertical components of magnetic field
# Station: YKC
#Position (GEO): lon=        lat=      
Year Month Day Hour Min Sec GeomagLat GeomagLon dBdt_Horizonatl
[year] [month] [day] [hour] [min] [s] [deg] [deg] [nT/s]

2011 08 05 09 10 00     65.112     102.308     0.02312
2011 08 05 09 30 00     65.112     102.308     0.02877
2011 08 05 09 50 00     65.112     102.308     0.03132
2011 08 05 10 10 00     65.112     102.308     0.03074
2011 08 05 10 30 00     65.112     102.308     0.02745
2011 08 05 10 50 00     65.112     102.308     0.03071
2011 08 05 11 10 00     65.112     102.308     0.02342
2011 08 05 11 30 00     65.112     102.308     0.02383
2011 08 05 11 50 00     65.112     102.308     0.03539
2011 08 05 12 10 00     65.112     102.308     0.03454
2011 08 05 12 30 00     65.112     102.308     0.03692
2011 08 05 12 50 00     65.112     102.308     0.03498
2011 08 05 13 10 00     65.112     102.308     0.06680
2011 08 05 13 30 00     65.112     102.308     0.05479
2011 08 05 13 50 00     65.112     102.308     0.03502
2011 08 05 14 10 00     65.112     102.308     0.02936
2011 08 05 14 30 00     65.112     102.308     0.03640
2011 08 05 14 50 00     65.112     102.308     0.04159
2011 08 05 15 10 00     65.112     102.308     0.03258
2011 08 05 15 30 00     65.112     102.308     0.03349
2011 08 05 15 50 00     65.112     102.308     0.05185
2011 08 05 16 10 00     65.112     102.308     0.04641
2011 08 05 16 30 00     65.112     102.308     0.05678
2011 08 05 16 50 00     65.112     102.308     0.05633
2011 08 05 17 10 00     65.112     102.308     0.05364
2011 08 05 17 30 00     65.112     102.308     0.04153
2011 08 05 17 50 00     65.112     102.308     0.04839
2011 08 05 18 10 00     65.112     102.308     0.10501
2011 08 05 18 30 00     65.112     102.308     0.39870
2011 08 05 18 50 00     65.112     102.308     0.25396
2011 08 05 19 10 00     65.112     102.308     0.34131
2011 08 05 19 30 00     65.112     102.308     1.31101
2011 08 05 19 50 00     65.112     102.308     0.99540
2011 08 05 20 10 00     65.112     102.308     1.83828
2011 08 05 20 30 00     65.112     102.308     3.46671
2011 08 05 20 50 00     65.112     102.308     1.45516
2011 08 05 21 10 00     65.112     102.308     0.96294
2011 08 05 21 30 00     65.112     102.308     0.92218
2011 08 05 21 50 00     65.112     102.308     1.83206
2011 08 05 22 10 00     65.112     102.308     1.06442
2011 08 05 22 30 00     65.112     102.308     0.29268
2011 08 05 22 50 00     65.112     102.308     0.40265
2011 08 05 23 10 00     65.112     102.308     0.96271
2011 08 05 23 30 00     65.112     102.308     0.44534
2011 08 05 23 50 00     65.112     102.308     0.65797
2011 08 06 00 10 00     65.112     102.308     0.47183
2011 08 06 00 30 00     65.112     102.308     nan
2011 08 06 00 50 00     65.112     102.308     0.52751
2011 08 06 01 10 00     65.112     102.308     0.55977
2011 08 06 01 30 00     65.112     102.308     0.27178
2011 08 06 01 50 00     65.112     102.308     0.28218
2011 08 06 02 10 00     65.112     102.308     0.36088
2011 08 06 02 30 00     65.112     102.308     0.27673
2011 08 06 02 50 00     65.112     102.308     0.35798
2011 08 06 03 10 00     65.112     102.308     0.30416
2011 08 06 03 30 00     65.112     102.308     0.23454
2011 08 06 03 50 00     65.112     102.308     0.15216
2011 08 06 04 10 00     65.112     102.308     0.07346
2011 08 06 04 30 00     65.112     102.308     0.13373
2011 08 06 04 50 00     65.112     102.308     0.15674
2011 08 06 05 10 00     65.112     102.308     0.22460
2011 08 06 05 30 00     65.112     102.308     0.31418
2011 08 06 05 50 00     65.112     102.308     0.49237
2011 08 06 06 10 00     65.112     102.308     0.29167
2011 08 06 06 30 00     65.112     102.308     0.31659
2011 08 06 06 50 00     65.112     102.308     0.39459
2011 08 06 07 10 00     65.112     102.308     0.36441
2011 08 06 07 30 00     65.112     102.308     0.35672
2011 08 06 07 50 00     65.112     102.308     0.29300
2011 08 06 08 10 00     65.112     102.308     0.30646
2011 08 06 08 30 00     65.112     102.308     0.18673
2011 08 06 08 50 00     65.112     102.308     0.22368
