# run: Median_20230628
# model: Median
# Shielding angle [deg.]:      -90.0000
# North, East and vertical components of magnetic field
# Station: ABK
#Position (GEO): lon=       18.8240 lat=      68.3560
Year Month Day Hour Min Sec GeomagLat GeomagLon dBdt_Horizonatl
[year] [month] [day] [hour] [min] [s] [deg] [deg] [nT/s]

2011 08 05 09 10 00     65.112     102.308     0.03045
2011 08 05 09 30 00     65.112     102.308     0.02889
2011 08 05 09 50 00     65.112     102.308     0.03428
2011 08 05 10 10 00     65.112     102.308     0.02336
2011 08 05 10 30 00     65.112     102.308     0.02115
2011 08 05 10 50 00     65.112     102.308     0.03825
2011 08 05 11 10 00     65.112     102.308     0.02755
2011 08 05 11 30 00     65.112     102.308     0.02265
2011 08 05 11 50 00     65.112     102.308     0.03043
2011 08 05 12 10 00     65.112     102.308     0.03666
2011 08 05 12 30 00     65.112     102.308     0.05832
2011 08 05 12 50 00     65.112     102.308     0.02873
2011 08 05 13 10 00     65.112     102.308     0.06198
2011 08 05 13 30 00     65.112     102.308     0.05936
2011 08 05 13 50 00     65.112     102.308     0.04102
2011 08 05 14 10 00     65.112     102.308     0.02761
2011 08 05 14 30 00     65.112     102.308     0.03455
2011 08 05 14 50 00     65.112     102.308     0.03858
2011 08 05 15 10 00     65.112     102.308     0.03554
2011 08 05 15 30 00     65.112     102.308     0.02935
2011 08 05 15 50 00     65.112     102.308     0.03882
2011 08 05 16 10 00     65.112     102.308     0.03330
2011 08 05 16 30 00     65.112     102.308     0.04034
2011 08 05 16 50 00     65.112     102.308     0.04472
2011 08 05 17 10 00     65.112     102.308     0.03195
2011 08 05 17 30 00     65.112     102.308     0.03127
2011 08 05 17 50 00     65.112     102.308     0.02958
2011 08 05 18 10 00     65.112     102.308     0.02782
2011 08 05 18 30 00     65.112     102.308     0.20000
2011 08 05 18 50 00     65.112     102.308     0.11322
2011 08 05 19 10 00     65.112     102.308     0.22381
2011 08 05 19 30 00     65.112     102.308     0.53823
2011 08 05 19 50 00     65.112     102.308     0.54534
2011 08 05 20 10 00     65.112     102.308     1.17636
2011 08 05 20 30 00     65.112     102.308     2.81971
2011 08 05 20 50 00     65.112     102.308     0.76643
2011 08 05 21 10 00     65.112     102.308     0.60690
2011 08 05 21 30 00     65.112     102.308     0.45382
2011 08 05 21 50 00     65.112     102.308     0.82581
2011 08 05 22 10 00     65.112     102.308     0.49865
2011 08 05 22 30 00     65.112     102.308     0.40387
2011 08 05 22 50 00     65.112     102.308     0.84067
2011 08 05 23 10 00     65.112     102.308     0.80176
2011 08 05 23 30 00     65.112     102.308     0.33313
2011 08 05 23 50 00     65.112     102.308     0.45775
2011 08 06 00 10 00     65.112     102.308     0.39327
2011 08 06 00 30 00     65.112     102.308     nan
2011 08 06 00 50 00     65.112     102.308     0.71913
2011 08 06 01 10 00     65.112     102.308     0.59921
2011 08 06 01 30 00     65.112     102.308     0.55439
2011 08 06 01 50 00     65.112     102.308     0.23234
2011 08 06 02 10 00     65.112     102.308     0.18290
2011 08 06 02 30 00     65.112     102.308     0.20234
2011 08 06 02 50 00     65.112     102.308     0.21251
2011 08 06 03 10 00     65.112     102.308     0.25413
2011 08 06 03 30 00     65.112     102.308     0.21094
2011 08 06 03 50 00     65.112     102.308     0.14256
2011 08 06 04 10 00     65.112     102.308     0.09102
2011 08 06 04 30 00     65.112     102.308     0.15577
2011 08 06 04 50 00     65.112     102.308     0.15451
2011 08 06 05 10 00     65.112     102.308     0.22692
2011 08 06 05 30 00     65.112     102.308     0.35233
2011 08 06 05 50 00     65.112     102.308     0.37080
2011 08 06 06 10 00     65.112     102.308     0.39750
2011 08 06 06 30 00     65.112     102.308     0.44136
2011 08 06 06 50 00     65.112     102.308     0.42289
2011 08 06 07 10 00     65.112     102.308     0.41501
2011 08 06 07 30 00     65.112     102.308     0.30801
2011 08 06 07 50 00     65.112     102.308     0.23572
2011 08 06 08 10 00     65.112     102.308     0.28620
2011 08 06 08 30 00     65.112     102.308     0.18805
2011 08 06 08 50 00     65.112     102.308     0.23762
