# run: Median_20230628
# model: Median
# Shielding angle [deg.]:      -90.0000
# North, East and vertical components of magnetic field
# Station: NEW
#Position (GEO): lon=       242.880 lat=      48.2710
Year Month Day Hour Min Sec GeomagLat GeomagLon dBdt_Horizonatl
[year] [month] [day] [hour] [min] [s] [deg] [deg] [nT/s]

2011 08 05 09 10 00     55.049     302.696     0.00970
2011 08 05 09 30 00     55.049     302.696     0.02156
2011 08 05 09 50 00     55.049     302.696     0.02006
2011 08 05 10 10 00     55.049     302.696     0.00738
2011 08 05 10 30 00     55.049     302.696     0.00743
2011 08 05 10 50 00     55.049     302.696     0.01588
2011 08 05 11 10 00     55.049     302.696     0.00921
2011 08 05 11 30 00     55.049     302.696     0.00547
2011 08 05 11 50 00     55.049     302.696     0.01208
2011 08 05 12 10 00     55.049     302.696     0.00832
2011 08 05 12 30 00     55.049     302.696     0.01496
2011 08 05 12 50 00     55.049     302.696     0.01005
2011 08 05 13 10 00     55.049     302.696     0.01828
2011 08 05 13 30 00     55.049     302.696     0.02185
2011 08 05 13 50 00     55.049     302.696     0.01322
2011 08 05 14 10 00     55.049     302.696     0.00948
2011 08 05 14 30 00     55.049     302.696     0.01432
2011 08 05 14 50 00     55.049     302.696     0.01432
2011 08 05 15 10 00     55.049     302.696     0.01007
2011 08 05 15 30 00     55.049     302.696     0.01613
2011 08 05 15 50 00     55.049     302.696     0.02951
2011 08 05 16 10 00     55.049     302.696     0.02005
2011 08 05 16 30 00     55.049     302.696     0.02739
2011 08 05 16 50 00     55.049     302.696     0.02546
2011 08 05 17 10 00     55.049     302.696     0.02451
2011 08 05 17 30 00     55.049     302.696     0.01864
2011 08 05 17 50 00     55.049     302.696     0.02059
2011 08 05 18 10 00     55.049     302.696     0.02198
2011 08 05 18 30 00     55.049     302.696     0.09661
2011 08 05 18 50 00     55.049     302.696     0.08019
2011 08 05 19 10 00     55.049     302.696     0.09883
2011 08 05 19 30 00     55.049     302.696     0.37965
2011 08 05 19 50 00     55.049     302.696     0.17937
2011 08 05 20 10 00     55.049     302.696     0.64663
2011 08 05 20 30 00     55.049     302.696     0.76076
2011 08 05 20 50 00     55.049     302.696     0.34983
2011 08 05 21 10 00     55.049     302.696     0.11882
2011 08 05 21 30 00     55.049     302.696     0.17460
2011 08 05 21 50 00     55.049     302.696     0.25919
2011 08 05 22 10 00     55.049     302.696     0.20527
2011 08 05 22 30 00     55.049     302.696     0.09811
2011 08 05 22 50 00     55.049     302.696     0.14561
2011 08 05 23 10 00     55.049     302.696     0.34965
2011 08 05 23 30 00     55.049     302.696     0.07880
2011 08 05 23 50 00     55.049     302.696     0.27667
2011 08 06 00 10 00     55.049     302.696     0.22532
2011 08 06 00 30 00     55.049     302.696     nan
2011 08 06 00 50 00     55.049     302.696     0.28935
2011 08 06 01 10 00     55.049     302.696     0.25684
2011 08 06 01 30 00     55.049     302.696     0.09337
2011 08 06 01 50 00     55.049     302.696     0.14104
2011 08 06 02 10 00     55.049     302.696     0.08374
2011 08 06 02 30 00     55.049     302.696     0.11639
2011 08 06 02 50 00     55.049     302.696     0.09189
2011 08 06 03 10 00     55.049     302.696     0.09134
2011 08 06 03 30 00     55.049     302.696     0.06811
2011 08 06 03 50 00     55.049     302.696     0.06320
2011 08 06 04 10 00     55.049     302.696     0.04559
2011 08 06 04 30 00     55.049     302.696     0.03991
2011 08 06 04 50 00     55.049     302.696     0.03677
2011 08 06 05 10 00     55.049     302.696     0.08946
2011 08 06 05 30 00     55.049     302.696     0.08759
2011 08 06 05 50 00     55.049     302.696     0.10108
2011 08 06 06 10 00     55.049     302.696     0.09340
2011 08 06 06 30 00     55.049     302.696     0.14967
2011 08 06 06 50 00     55.049     302.696     0.18359
2011 08 06 07 10 00     55.049     302.696     0.10446
2011 08 06 07 30 00     55.049     302.696     0.10053
2011 08 06 07 50 00     55.049     302.696     0.13228
2011 08 06 08 10 00     55.049     302.696     0.14361
2011 08 06 08 30 00     55.049     302.696     0.06642
2011 08 06 08 50 00     55.049     302.696     0.10140
