# run: Median_20230628
# model: Median
# Shielding angle [deg.]:      -90.0000
# North, East and vertical components of magnetic field
# Station: OTT
#Position (GEO): lon=       284.447 lat=      45.4030
Year Month Day Hour Min Sec GeomagLat GeomagLon dBdt_Horizonatl
[year] [month] [day] [hour] [min] [s] [deg] [deg] [nT/s]

2011 08 05 09 10 00     56.326     0.748     0.00962
2011 08 05 09 30 00     56.326     0.748     0.01249
2011 08 05 09 50 00     56.326     0.748     0.02040
2011 08 05 10 10 00     56.326     0.748     0.00954
2011 08 05 10 30 00     56.326     0.748     0.00768
2011 08 05 10 50 00     56.326     0.748     0.01581
2011 08 05 11 10 00     56.326     0.748     0.00940
2011 08 05 11 30 00     56.326     0.748     0.00672
2011 08 05 11 50 00     56.326     0.748     0.01192
2011 08 05 12 10 00     56.326     0.748     0.01342
2011 08 05 12 30 00     56.326     0.748     0.02162
2011 08 05 12 50 00     56.326     0.748     0.01516
2011 08 05 13 10 00     56.326     0.748     0.03185
2011 08 05 13 30 00     56.326     0.748     0.02162
2011 08 05 13 50 00     56.326     0.748     0.02548
2011 08 05 14 10 00     56.326     0.748     0.01627
2011 08 05 14 30 00     56.326     0.748     0.02167
2011 08 05 14 50 00     56.326     0.748     0.01847
2011 08 05 15 10 00     56.326     0.748     0.01295
2011 08 05 15 30 00     56.326     0.748     0.01220
2011 08 05 15 50 00     56.326     0.748     0.01794
2011 08 05 16 10 00     56.326     0.748     0.01609
2011 08 05 16 30 00     56.326     0.748     0.01648
2011 08 05 16 50 00     56.326     0.748     0.01350
2011 08 05 17 10 00     56.326     0.748     0.01616
2011 08 05 17 30 00     56.326     0.748     0.01020
2011 08 05 17 50 00     56.326     0.748     0.01391
2011 08 05 18 10 00     56.326     0.748     0.01210
2011 08 05 18 30 00     56.326     0.748     0.08443
2011 08 05 18 50 00     56.326     0.748     0.08070
2011 08 05 19 10 00     56.326     0.748     0.17737
2011 08 05 19 30 00     56.326     0.748     0.37333
2011 08 05 19 50 00     56.326     0.748     0.33463
2011 08 05 20 10 00     56.326     0.748     0.64627
2011 08 05 20 30 00     56.326     0.748     0.89263
2011 08 05 20 50 00     56.326     0.748     0.53860
2011 08 05 21 10 00     56.326     0.748     0.31852
2011 08 05 21 30 00     56.326     0.748     0.29026
2011 08 05 21 50 00     56.326     0.748     0.24688
2011 08 05 22 10 00     56.326     0.748     0.25843
2011 08 05 22 30 00     56.326     0.748     0.15032
2011 08 05 22 50 00     56.326     0.748     0.22622
2011 08 05 23 10 00     56.326     0.748     0.39644
2011 08 05 23 30 00     56.326     0.748     0.16362
2011 08 05 23 50 00     56.326     0.748     0.20556
2011 08 06 00 10 00     56.326     0.748     0.22546
2011 08 06 00 30 00     56.326     0.748     nan
2011 08 06 00 50 00     56.326     0.748     0.15228
2011 08 06 01 10 00     56.326     0.748     0.21842
2011 08 06 01 30 00     56.326     0.748     0.09155
2011 08 06 01 50 00     56.326     0.748     0.09299
2011 08 06 02 10 00     56.326     0.748     0.06344
2011 08 06 02 30 00     56.326     0.748     0.06780
2011 08 06 02 50 00     56.326     0.748     0.06532
2011 08 06 03 10 00     56.326     0.748     0.06504
2011 08 06 03 30 00     56.326     0.748     0.07098
2011 08 06 03 50 00     56.326     0.748     0.05969
2011 08 06 04 10 00     56.326     0.748     0.02469
2011 08 06 04 30 00     56.326     0.748     0.04521
2011 08 06 04 50 00     56.326     0.748     0.04091
2011 08 06 05 10 00     56.326     0.748     0.07616
2011 08 06 05 30 00     56.326     0.748     0.09496
2011 08 06 05 50 00     56.326     0.748     0.13687
2011 08 06 06 10 00     56.326     0.748     0.11694
2011 08 06 06 30 00     56.326     0.748     0.13963
2011 08 06 06 50 00     56.326     0.748     0.16099
2011 08 06 07 10 00     56.326     0.748     0.12611
2011 08 06 07 30 00     56.326     0.748     0.12546
2011 08 06 07 50 00     56.326     0.748     0.14109
2011 08 06 08 10 00     56.326     0.748     0.13371
2011 08 06 08 30 00     56.326     0.748     0.07859
2011 08 06 08 50 00     56.326     0.748     0.09492
