# run: Median_20230628
# model: Median
# Shielding angle [deg.]:      -90.0000
# North, East and vertical components of magnetic field
# Station: OTT
#Position (GEO): lon=       284.447 lat=      45.4030
Year Month Day Hour Min Sec GeomagLat GeomagLon dBdt_Horizonatl
[year] [month] [day] [hour] [min] [s] [deg] [deg] [nT/s]

2001 08 31 00 10 00     56.326     0.748     0.01164
2001 08 31 00 30 00     56.326     0.748     0.02131
2001 08 31 00 50 00     56.326     0.748     0.01088
2001 08 31 01 10 00     56.326     0.748     0.01861
2001 08 31 01 30 00     56.326     0.748     0.03099
2001 08 31 01 50 00     56.326     0.748     0.03506
2001 08 31 02 10 00     56.326     0.748     0.03098
2001 08 31 02 30 00     56.326     0.748     0.02998
2001 08 31 02 50 00     56.326     0.748     0.03886
2001 08 31 03 10 00     56.326     0.748     0.03829
2001 08 31 03 30 00     56.326     0.748     0.02465
2001 08 31 03 50 00     56.326     0.748     0.02881
2001 08 31 04 10 00     56.326     0.748     0.01953
2001 08 31 04 30 00     56.326     0.748     0.02837
2001 08 31 04 50 00     56.326     0.748     0.03032
2001 08 31 05 10 00     56.326     0.748     0.02052
2001 08 31 05 30 00     56.326     0.748     0.03362
2001 08 31 05 50 00     56.326     0.748     0.02507
2001 08 31 06 10 00     56.326     0.748     0.02004
2001 08 31 06 30 00     56.326     0.748     0.04502
2001 08 31 06 50 00     56.326     0.748     0.02950
2001 08 31 07 10 00     56.326     0.748     0.03001
2001 08 31 07 30 00     56.326     0.748     0.04750
2001 08 31 07 50 00     56.326     0.748     0.03424
2001 08 31 08 10 00     56.326     0.748     0.03770
2001 08 31 08 30 00     56.326     0.748     0.04713
2001 08 31 08 50 00     56.326     0.748     0.05199
2001 08 31 09 10 00     56.326     0.748     0.04740
2001 08 31 09 30 00     56.326     0.748     0.04947
2001 08 31 09 50 00     56.326     0.748     0.03533
2001 08 31 10 10 00     56.326     0.748     0.05443
2001 08 31 10 30 00     56.326     0.748     0.07636
2001 08 31 10 50 00     56.326     0.748     0.05949
2001 08 31 11 10 00     56.326     0.748     0.04381
2001 08 31 11 30 00     56.326     0.748     0.04339
2001 08 31 11 50 00     56.326     0.748     0.03628
2001 08 31 12 10 00     56.326     0.748     0.05598
2001 08 31 12 30 00     56.326     0.748     0.04252
2001 08 31 12 50 00     56.326     0.748     0.03304
2001 08 31 13 10 00     56.326     0.748     0.03458
2001 08 31 13 30 00     56.326     0.748     0.01480
2001 08 31 13 50 00     56.326     0.748     0.01732
2001 08 31 14 10 00     56.326     0.748     0.01237
2001 08 31 14 30 00     56.326     0.748     0.01291
2001 08 31 14 50 00     56.326     0.748     0.01783
2001 08 31 15 10 00     56.326     0.748     0.01857
2001 08 31 15 30 00     56.326     0.748     0.01333
2001 08 31 15 50 00     56.326     0.748     0.02124
2001 08 31 16 10 00     56.326     0.748     0.01355
2001 08 31 16 30 00     56.326     0.748     0.02335
2001 08 31 16 50 00     56.326     0.748     0.04106
2001 08 31 17 10 00     56.326     0.748     0.05007
2001 08 31 17 30 00     56.326     0.748     0.03128
2001 08 31 17 50 00     56.326     0.748     0.04261
2001 08 31 18 10 00     56.326     0.748     0.02991
2001 08 31 18 30 00     56.326     0.748     0.02160
2001 08 31 18 50 00     56.326     0.748     0.02405
2001 08 31 19 10 00     56.326     0.748     0.03382
2001 08 31 19 30 00     56.326     0.748     0.03621
2001 08 31 19 50 00     56.326     0.748     0.02390
2001 08 31 20 10 00     56.326     0.748     0.04225
2001 08 31 20 30 00     56.326     0.748     0.02563
2001 08 31 20 50 00     56.326     0.748     0.04421
2001 08 31 21 10 00     56.326     0.748     0.03871
2001 08 31 21 30 00     56.326     0.748     0.03244
2001 08 31 21 50 00     56.326     0.748     0.03191
2001 08 31 22 10 00     56.326     0.748     0.03654
2001 08 31 22 30 00     56.326     0.748     0.05265
2001 08 31 22 50 00     56.326     0.748     0.03958
2001 08 31 23 10 00     56.326     0.748     0.03299
2001 08 31 23 30 00     56.326     0.748     0.01954
2001 08 31 23 50 00     56.326     0.748     0.02620
