# run: Median_20230628
# model: Median
# Shielding angle [deg.]:      -90.0000
# North, East and vertical components of magnetic field
# Station: NEW
#Position (GEO): lon=       242.880 lat=      48.2710
Year Month Day Hour Min Sec GeomagLat GeomagLon dBdt_Horizonatl
[year] [month] [day] [hour] [min] [s] [deg] [deg] [nT/s]

2001 08 31 00 10 00     55.049     302.696     0.01459
2001 08 31 00 30 00     55.049     302.696     0.01853
2001 08 31 00 50 00     55.049     302.696     0.01598
2001 08 31 01 10 00     55.049     302.696     0.01655
2001 08 31 01 30 00     55.049     302.696     0.03484
2001 08 31 01 50 00     55.049     302.696     0.06664
2001 08 31 02 10 00     55.049     302.696     0.03100
2001 08 31 02 30 00     55.049     302.696     0.03509
2001 08 31 02 50 00     55.049     302.696     0.04799
2001 08 31 03 10 00     55.049     302.696     0.04035
2001 08 31 03 30 00     55.049     302.696     0.03002
2001 08 31 03 50 00     55.049     302.696     0.03001
2001 08 31 04 10 00     55.049     302.696     0.02604
2001 08 31 04 30 00     55.049     302.696     0.02382
2001 08 31 04 50 00     55.049     302.696     0.02634
2001 08 31 05 10 00     55.049     302.696     0.01588
2001 08 31 05 30 00     55.049     302.696     0.03914
2001 08 31 05 50 00     55.049     302.696     0.02882
2001 08 31 06 10 00     55.049     302.696     0.01999
2001 08 31 06 30 00     55.049     302.696     0.04763
2001 08 31 06 50 00     55.049     302.696     0.03266
2001 08 31 07 10 00     55.049     302.696     0.03889
2001 08 31 07 30 00     55.049     302.696     0.04899
2001 08 31 07 50 00     55.049     302.696     0.03621
2001 08 31 08 10 00     55.049     302.696     0.05224
2001 08 31 08 30 00     55.049     302.696     0.06753
2001 08 31 08 50 00     55.049     302.696     0.04045
2001 08 31 09 10 00     55.049     302.696     0.05525
2001 08 31 09 30 00     55.049     302.696     0.05064
2001 08 31 09 50 00     55.049     302.696     0.04419
2001 08 31 10 10 00     55.049     302.696     0.05239
2001 08 31 10 30 00     55.049     302.696     0.04832
2001 08 31 10 50 00     55.049     302.696     0.04925
2001 08 31 11 10 00     55.049     302.696     0.02285
2001 08 31 11 30 00     55.049     302.696     0.02385
2001 08 31 11 50 00     55.049     302.696     0.03627
2001 08 31 12 10 00     55.049     302.696     0.04245
2001 08 31 12 30 00     55.049     302.696     0.03710
2001 08 31 12 50 00     55.049     302.696     0.02854
2001 08 31 13 10 00     55.049     302.696     0.02064
2001 08 31 13 30 00     55.049     302.696     0.01030
2001 08 31 13 50 00     55.049     302.696     0.00902
2001 08 31 14 10 00     55.049     302.696     0.00935
2001 08 31 14 30 00     55.049     302.696     0.01123
2001 08 31 14 50 00     55.049     302.696     0.01024
2001 08 31 15 10 00     55.049     302.696     0.01344
2001 08 31 15 30 00     55.049     302.696     0.01974
2001 08 31 15 50 00     55.049     302.696     0.02359
2001 08 31 16 10 00     55.049     302.696     0.01923
2001 08 31 16 30 00     55.049     302.696     0.02839
2001 08 31 16 50 00     55.049     302.696     0.04604
2001 08 31 17 10 00     55.049     302.696     0.09847
2001 08 31 17 30 00     55.049     302.696     0.05733
2001 08 31 17 50 00     55.049     302.696     0.07928
2001 08 31 18 10 00     55.049     302.696     0.03003
2001 08 31 18 30 00     55.049     302.696     0.02011
2001 08 31 18 50 00     55.049     302.696     0.03116
2001 08 31 19 10 00     55.049     302.696     0.03390
2001 08 31 19 30 00     55.049     302.696     0.03641
2001 08 31 19 50 00     55.049     302.696     0.01863
2001 08 31 20 10 00     55.049     302.696     0.02065
2001 08 31 20 30 00     55.049     302.696     0.01787
2001 08 31 20 50 00     55.049     302.696     0.01985
2001 08 31 21 10 00     55.049     302.696     0.01304
2001 08 31 21 30 00     55.049     302.696     0.01446
2001 08 31 21 50 00     55.049     302.696     0.01921
2001 08 31 22 10 00     55.049     302.696     0.01682
2001 08 31 22 30 00     55.049     302.696     0.04080
2001 08 31 22 50 00     55.049     302.696     0.02547
2001 08 31 23 10 00     55.049     302.696     0.01670
2001 08 31 23 30 00     55.049     302.696     0.01180
2001 08 31 23 50 00     55.049     302.696     0.01979
