# run: Median_20230628
# model: Median
# Shielding angle [deg.]:      -90.0000
# North, East and vertical components of magnetic field
# Station: PBQ
#Position (GEO): lon=       282.255 lat=      55.2780
Year Month Day Hour Min Sec GeomagLat GeomagLon dBdt_Horizonatl
[year] [month] [day] [hour] [min] [s] [deg] [deg] [nT/s]

2001 08 31 00 10 00     66.108     358.408     0.02712
2001 08 31 00 30 00     66.108     358.408     0.03497
2001 08 31 00 50 00     66.108     358.408     0.01779
2001 08 31 01 10 00     66.108     358.408     0.02338
2001 08 31 01 30 00     66.108     358.408     0.04326
2001 08 31 01 50 00     66.108     358.408     0.08976
2001 08 31 02 10 00     66.108     358.408     0.05495
2001 08 31 02 30 00     66.108     358.408     0.05792
2001 08 31 02 50 00     66.108     358.408     0.05767
2001 08 31 03 10 00     66.108     358.408     0.05133
2001 08 31 03 30 00     66.108     358.408     0.05406
2001 08 31 03 50 00     66.108     358.408     0.05568
2001 08 31 04 10 00     66.108     358.408     0.06053
2001 08 31 04 30 00     66.108     358.408     0.05125
2001 08 31 04 50 00     66.108     358.408     0.05869
2001 08 31 05 10 00     66.108     358.408     0.06264
2001 08 31 05 30 00     66.108     358.408     0.07040
2001 08 31 05 50 00     66.108     358.408     0.05023
2001 08 31 06 10 00     66.108     358.408     0.06722
2001 08 31 06 30 00     66.108     358.408     0.06448
2001 08 31 06 50 00     66.108     358.408     0.06765
2001 08 31 07 10 00     66.108     358.408     0.05243
2001 08 31 07 30 00     66.108     358.408     0.06847
2001 08 31 07 50 00     66.108     358.408     0.13619
2001 08 31 08 10 00     66.108     358.408     0.13748
2001 08 31 08 30 00     66.108     358.408     0.12183
2001 08 31 08 50 00     66.108     358.408     0.12924
2001 08 31 09 10 00     66.108     358.408     0.16287
2001 08 31 09 30 00     66.108     358.408     0.23231
2001 08 31 09 50 00     66.108     358.408     0.22133
2001 08 31 10 10 00     66.108     358.408     0.11943
2001 08 31 10 30 00     66.108     358.408     0.20431
2001 08 31 10 50 00     66.108     358.408     0.33949
2001 08 31 11 10 00     66.108     358.408     0.07012
2001 08 31 11 30 00     66.108     358.408     0.07419
2001 08 31 11 50 00     66.108     358.408     0.05962
2001 08 31 12 10 00     66.108     358.408     0.10951
2001 08 31 12 30 00     66.108     358.408     0.09603
2001 08 31 12 50 00     66.108     358.408     0.05989
2001 08 31 13 10 00     66.108     358.408     0.04127
2001 08 31 13 30 00     66.108     358.408     0.02010
2001 08 31 13 50 00     66.108     358.408     0.02567
2001 08 31 14 10 00     66.108     358.408     0.01569
2001 08 31 14 30 00     66.108     358.408     0.02495
2001 08 31 14 50 00     66.108     358.408     0.02678
2001 08 31 15 10 00     66.108     358.408     0.05147
2001 08 31 15 30 00     66.108     358.408     0.03005
2001 08 31 15 50 00     66.108     358.408     0.03404
2001 08 31 16 10 00     66.108     358.408     0.07300
2001 08 31 16 30 00     66.108     358.408     0.05128
2001 08 31 16 50 00     66.108     358.408     0.09402
2001 08 31 17 10 00     66.108     358.408     0.14427
2001 08 31 17 30 00     66.108     358.408     0.09796
2001 08 31 17 50 00     66.108     358.408     0.06188
2001 08 31 18 10 00     66.108     358.408     0.05337
2001 08 31 18 30 00     66.108     358.408     0.04060
2001 08 31 18 50 00     66.108     358.408     0.07300
2001 08 31 19 10 00     66.108     358.408     0.06280
2001 08 31 19 30 00     66.108     358.408     0.08914
2001 08 31 19 50 00     66.108     358.408     0.05537
2001 08 31 20 10 00     66.108     358.408     0.09296
2001 08 31 20 30 00     66.108     358.408     0.04481
2001 08 31 20 50 00     66.108     358.408     0.12510
2001 08 31 21 10 00     66.108     358.408     0.05689
2001 08 31 21 30 00     66.108     358.408     0.06056
2001 08 31 21 50 00     66.108     358.408     0.06388
2001 08 31 22 10 00     66.108     358.408     0.07069
2001 08 31 22 30 00     66.108     358.408     0.10135
2001 08 31 22 50 00     66.108     358.408     0.05465
2001 08 31 23 10 00     66.108     358.408     0.08614
2001 08 31 23 30 00     66.108     358.408     0.04063
2001 08 31 23 50 00     66.108     358.408     0.04212
