# run: Median_20230628
# model: Median
# Shielding angle [deg.]:      -90.0000
# North, East and vertical components of magnetic field
# Station: WNG
#Position (GEO): lon=       9.07300 lat=      53.7430
Year Month Day Hour Min Sec GeomagLat GeomagLon dBdt_Horizonatl
[year] [month] [day] [hour] [min] [s] [deg] [deg] [nT/s]

2001 08 31 00 10 00     50.166     86.996     0.00979
2001 08 31 00 30 00     50.166     86.996     0.00738
2001 08 31 00 50 00     50.166     86.996     0.01173
2001 08 31 01 10 00     50.166     86.996     0.01325
2001 08 31 01 30 00     50.166     86.996     0.01751
2001 08 31 01 50 00     50.166     86.996     0.03179
2001 08 31 02 10 00     50.166     86.996     0.02806
2001 08 31 02 30 00     50.166     86.996     0.02742
2001 08 31 02 50 00     50.166     86.996     0.01747
2001 08 31 03 10 00     50.166     86.996     0.02098
2001 08 31 03 30 00     50.166     86.996     0.02552
2001 08 31 03 50 00     50.166     86.996     0.02455
2001 08 31 04 10 00     50.166     86.996     0.01646
2001 08 31 04 30 00     50.166     86.996     0.02277
2001 08 31 04 50 00     50.166     86.996     0.01878
2001 08 31 05 10 00     50.166     86.996     0.02203
2001 08 31 05 30 00     50.166     86.996     0.01930
2001 08 31 05 50 00     50.166     86.996     0.01405
2001 08 31 06 10 00     50.166     86.996     0.01829
2001 08 31 06 30 00     50.166     86.996     0.02030
2001 08 31 06 50 00     50.166     86.996     0.01550
2001 08 31 07 10 00     50.166     86.996     0.01600
2001 08 31 07 30 00     50.166     86.996     0.02462
2001 08 31 07 50 00     50.166     86.996     0.04921
2001 08 31 08 10 00     50.166     86.996     0.05126
2001 08 31 08 30 00     50.166     86.996     0.06244
2001 08 31 08 50 00     50.166     86.996     0.07594
2001 08 31 09 10 00     50.166     86.996     0.05267
2001 08 31 09 30 00     50.166     86.996     0.04436
2001 08 31 09 50 00     50.166     86.996     0.02125
2001 08 31 10 10 00     50.166     86.996     0.02932
2001 08 31 10 30 00     50.166     86.996     0.05032
2001 08 31 10 50 00     50.166     86.996     0.03033
2001 08 31 11 10 00     50.166     86.996     0.02921
2001 08 31 11 30 00     50.166     86.996     0.02113
2001 08 31 11 50 00     50.166     86.996     0.02596
2001 08 31 12 10 00     50.166     86.996     0.05776
2001 08 31 12 30 00     50.166     86.996     0.05175
2001 08 31 12 50 00     50.166     86.996     0.04327
2001 08 31 13 10 00     50.166     86.996     0.01718
2001 08 31 13 30 00     50.166     86.996     0.01000
2001 08 31 13 50 00     50.166     86.996     0.01181
2001 08 31 14 10 00     50.166     86.996     0.01740
2001 08 31 14 30 00     50.166     86.996     0.01101
2001 08 31 14 50 00     50.166     86.996     0.01592
2001 08 31 15 10 00     50.166     86.996     0.03472
2001 08 31 15 30 00     50.166     86.996     0.02440
2001 08 31 15 50 00     50.166     86.996     0.02636
2001 08 31 16 10 00     50.166     86.996     0.03391
2001 08 31 16 30 00     50.166     86.996     0.04087
2001 08 31 16 50 00     50.166     86.996     0.04934
2001 08 31 17 10 00     50.166     86.996     0.08332
2001 08 31 17 30 00     50.166     86.996     0.09028
2001 08 31 17 50 00     50.166     86.996     0.05568
2001 08 31 18 10 00     50.166     86.996     0.03222
2001 08 31 18 30 00     50.166     86.996     0.01761
2001 08 31 18 50 00     50.166     86.996     0.02105
2001 08 31 19 10 00     50.166     86.996     0.01718
2001 08 31 19 30 00     50.166     86.996     0.02355
2001 08 31 19 50 00     50.166     86.996     0.02018
2001 08 31 20 10 00     50.166     86.996     0.02215
2001 08 31 20 30 00     50.166     86.996     0.00954
2001 08 31 20 50 00     50.166     86.996     0.02394
2001 08 31 21 10 00     50.166     86.996     0.01583
2001 08 31 21 30 00     50.166     86.996     0.02477
2001 08 31 21 50 00     50.166     86.996     0.02254
2001 08 31 22 10 00     50.166     86.996     0.02988
2001 08 31 22 30 00     50.166     86.996     0.02259
2001 08 31 22 50 00     50.166     86.996     0.03138
2001 08 31 23 10 00     50.166     86.996     0.02518
2001 08 31 23 30 00     50.166     86.996     0.02239
2001 08 31 23 50 00     50.166     86.996     0.01235
