# run: Median_20230628
# model: Median
# Shielding angle [deg.]:      -90.0000
# North, East and vertical components of magnetic field
# Station: YKC
#Position (GEO): lon=        lat=      
Year Month Day Hour Min Sec GeomagLat GeomagLon dBdt_Horizonatl
[year] [month] [day] [hour] [min] [s] [deg] [deg] [nT/s]

2001 08 31 00 10 00     65.112     102.308     0.04325
2001 08 31 00 30 00     65.112     102.308     0.05260
2001 08 31 00 50 00     65.112     102.308     0.02763
2001 08 31 01 10 00     65.112     102.308     0.06340
2001 08 31 01 30 00     65.112     102.308     0.09448
2001 08 31 01 50 00     65.112     102.308     0.17912
2001 08 31 02 10 00     65.112     102.308     0.10059
2001 08 31 02 30 00     65.112     102.308     0.09058
2001 08 31 02 50 00     65.112     102.308     0.03624
2001 08 31 03 10 00     65.112     102.308     0.07109
2001 08 31 03 30 00     65.112     102.308     0.04895
2001 08 31 03 50 00     65.112     102.308     0.06260
2001 08 31 04 10 00     65.112     102.308     0.05952
2001 08 31 04 30 00     65.112     102.308     0.03607
2001 08 31 04 50 00     65.112     102.308     0.05643
2001 08 31 05 10 00     65.112     102.308     0.05020
2001 08 31 05 30 00     65.112     102.308     0.04977
2001 08 31 05 50 00     65.112     102.308     0.03736
2001 08 31 06 10 00     65.112     102.308     0.06790
2001 08 31 06 30 00     65.112     102.308     0.07947
2001 08 31 06 50 00     65.112     102.308     0.06686
2001 08 31 07 10 00     65.112     102.308     0.06531
2001 08 31 07 30 00     65.112     102.308     0.08476
2001 08 31 07 50 00     65.112     102.308     0.08711
2001 08 31 08 10 00     65.112     102.308     0.09841
2001 08 31 08 30 00     65.112     102.308     0.11873
2001 08 31 08 50 00     65.112     102.308     0.14357
2001 08 31 09 10 00     65.112     102.308     0.07653
2001 08 31 09 30 00     65.112     102.308     0.09637
2001 08 31 09 50 00     65.112     102.308     0.21843
2001 08 31 10 10 00     65.112     102.308     0.09623
2001 08 31 10 30 00     65.112     102.308     0.18944
2001 08 31 10 50 00     65.112     102.308     0.17126
2001 08 31 11 10 00     65.112     102.308     0.08281
2001 08 31 11 30 00     65.112     102.308     0.07672
2001 08 31 11 50 00     65.112     102.308     0.08417
2001 08 31 12 10 00     65.112     102.308     0.09508
2001 08 31 12 30 00     65.112     102.308     0.11267
2001 08 31 12 50 00     65.112     102.308     0.09188
2001 08 31 13 10 00     65.112     102.308     0.06654
2001 08 31 13 30 00     65.112     102.308     0.03901
2001 08 31 13 50 00     65.112     102.308     0.03115
2001 08 31 14 10 00     65.112     102.308     0.03257
2001 08 31 14 30 00     65.112     102.308     0.03615
2001 08 31 14 50 00     65.112     102.308     0.03970
2001 08 31 15 10 00     65.112     102.308     0.04379
2001 08 31 15 30 00     65.112     102.308     0.05469
2001 08 31 15 50 00     65.112     102.308     0.06021
2001 08 31 16 10 00     65.112     102.308     0.06521
2001 08 31 16 30 00     65.112     102.308     0.06260
2001 08 31 16 50 00     65.112     102.308     0.13651
2001 08 31 17 10 00     65.112     102.308     0.21943
2001 08 31 17 30 00     65.112     102.308     0.15058
2001 08 31 17 50 00     65.112     102.308     0.16456
2001 08 31 18 10 00     65.112     102.308     0.06772
2001 08 31 18 30 00     65.112     102.308     0.05066
2001 08 31 18 50 00     65.112     102.308     0.07306
2001 08 31 19 10 00     65.112     102.308     0.07535
2001 08 31 19 30 00     65.112     102.308     0.09281
2001 08 31 19 50 00     65.112     102.308     0.05230
2001 08 31 20 10 00     65.112     102.308     0.11067
2001 08 31 20 30 00     65.112     102.308     0.04195
2001 08 31 20 50 00     65.112     102.308     0.08347
2001 08 31 21 10 00     65.112     102.308     0.05933
2001 08 31 21 30 00     65.112     102.308     0.04538
2001 08 31 21 50 00     65.112     102.308     0.06320
2001 08 31 22 10 00     65.112     102.308     0.06492
2001 08 31 22 30 00     65.112     102.308     0.09398
2001 08 31 22 50 00     65.112     102.308     0.05567
2001 08 31 23 10 00     65.112     102.308     0.06361
2001 08 31 23 30 00     65.112     102.308     0.04482
2001 08 31 23 50 00     65.112     102.308     0.06461
