# run: Mean_20230628
# model: Mean
# Shielding angle [deg.]:      -90.0000
# North, East and vertical components of magnetic field
# Station: NEW
#Position (GEO): lon=       242.518 lat=      48.2710
Year Month Day Hour Min Sec GeomagLat GeomagLon dBdt_Horizonatl
[year] [month] [day] [hour] [min] [s] [deg] [deg] [nT/s]

2003 10 29 06 10 00     55.049     302.696     1.11197
2003 10 29 06 30 00     55.049     302.696     2.13480
2003 10 29 06 50 00     55.049     302.696     5.64685
2003 10 29 07 10 00     55.049     302.696     4.33133
2003 10 29 07 30 00     55.049     302.696     1.75267
2003 10 29 07 50 00     55.049     302.696     1.25072
2003 10 29 08 10 00     55.049     302.696     1.66371
2003 10 29 08 30 00     55.049     302.696     2.23150
2003 10 29 08 50 00     55.049     302.696     1.14869
2003 10 29 09 10 00     55.049     302.696     3.30707
2003 10 29 09 30 00     55.049     302.696     1.77703
2003 10 29 09 50 00     55.049     302.696     2.09911
2003 10 29 10 10 00     55.049     302.696     0.83202
2003 10 29 10 30 00     55.049     302.696     1.18487
2003 10 29 10 50 00     55.049     302.696     2.83346
2003 10 29 11 10 00     55.049     302.696     1.55063
2003 10 29 11 30 00     55.049     302.696     0.82337
2003 10 29 11 50 00     55.049     302.696     1.90431
2003 10 29 12 10 00     55.049     302.696     0.71397
2003 10 29 12 30 00     55.049     302.696     0.76927
2003 10 29 12 50 00     55.049     302.696     0.41624
2003 10 29 13 10 00     55.049     302.696     0.28452
2003 10 29 13 30 00     55.049     302.696     0.73785
2003 10 29 13 50 00     55.049     302.696     0.43436
2003 10 29 14 10 00     55.049     302.696     0.47836
2003 10 29 14 30 00     55.049     302.696     0.73266
2003 10 29 14 50 00     55.049     302.696     0.60948
2003 10 29 15 10 00     55.049     302.696     0.60722
2003 10 29 15 30 00     55.049     302.696     0.59508
2003 10 29 15 50 00     55.049     302.696     0.69442
2003 10 29 16 10 00     55.049     302.696     0.58450
2003 10 29 16 30 00     55.049     302.696     0.43881
2003 10 29 16 50 00     55.049     302.696     0.48488
2003 10 29 17 10 00     55.049     302.696     0.48847
2003 10 29 17 30 00     55.049     302.696     0.42778
2003 10 29 17 50 00     55.049     302.696     0.57433
2003 10 29 18 10 00     55.049     302.696     0.46719
2003 10 29 18 30 00     55.049     302.696     0.89516
2003 10 29 18 50 00     55.049     302.696     0.43908
2003 10 29 19 10 00     55.049     302.696     0.74761
2003 10 29 19 30 00     55.049     302.696     0.81897
2003 10 29 19 50 00     55.049     302.696     0.99123
2003 10 29 20 10 00     55.049     302.696     0.73819
2003 10 29 20 30 00     55.049     302.696     0.66862
2003 10 29 20 50 00     55.049     302.696     1.32884
2003 10 29 21 10 00     55.049     302.696     1.57265
2003 10 29 21 30 00     55.049     302.696     1.60392
2003 10 29 21 50 00     55.049     302.696     0.93742
2003 10 29 22 10 00     55.049     302.696     0.70483
2003 10 29 22 30 00     55.049     302.696     0.76413
2003 10 29 22 50 00     55.049     302.696     0.71848
2003 10 29 23 10 00     55.049     302.696     1.50862
2003 10 29 23 30 00     55.049     302.696     1.13307
2003 10 29 23 50 00     55.049     302.696     1.43462
2003 10 30 00 10 00     55.049     302.696     0.58896
2003 10 30 00 30 00     55.049     302.696     0.72774
2003 10 30 00 50 00     55.049     302.696     0.75772
2003 10 30 01 10 00     55.049     302.696     0.45946
2003 10 30 01 30 00     55.049     302.696     0.46672
2003 10 30 01 50 00     55.049     302.696     0.71842
2003 10 30 02 10 00     55.049     302.696     0.44457
2003 10 30 02 30 00     55.049     302.696     0.45516
2003 10 30 02 50 00     55.049     302.696     0.48926
2003 10 30 03 10 00     55.049     302.696     0.33398
2003 10 30 03 30 00     55.049     302.696     0.32024
2003 10 30 03 50 00     55.049     302.696     0.18019
2003 10 30 04 10 00     55.049     302.696     0.11480
2003 10 30 04 30 00     55.049     302.696     0.15540
2003 10 30 04 50 00     55.049     302.696     0.19605
2003 10 30 05 10 00     55.049     302.696     0.49529
2003 10 30 05 30 00     55.049     302.696     0.37680
2003 10 30 05 50 00     55.049     302.696     0.27287
