# run: Mean_20230628
# model: Mean
# Shielding angle [deg.]:      -90.0000
# North, East and vertical components of magnetic field
# Station: PBQ
#Position (GEO): lon=       282.255 lat=      55.2780
Year Month Day Hour Min Sec GeomagLat GeomagLon dBdt_Horizonatl
[year] [month] [day] [hour] [min] [s] [deg] [deg] [nT/s]

2003 10 29 06 10 00     66.108     358.408     3.68772
2003 10 29 06 30 00     66.108     358.408     3.73995
2003 10 29 06 50 00     66.108     358.408     6.65415
2003 10 29 07 10 00     66.108     358.408     5.88783
2003 10 29 07 30 00     66.108     358.408     4.27874
2003 10 29 07 50 00     66.108     358.408     2.53134
2003 10 29 08 10 00     66.108     358.408     3.16749
2003 10 29 08 30 00     66.108     358.408     5.19663
2003 10 29 08 50 00     66.108     358.408     2.83539
2003 10 29 09 10 00     66.108     358.408     5.35798
2003 10 29 09 30 00     66.108     358.408     3.82867
2003 10 29 09 50 00     66.108     358.408     1.27362
2003 10 29 10 10 00     66.108     358.408     1.18712
2003 10 29 10 30 00     66.108     358.408     2.69823
2003 10 29 10 50 00     66.108     358.408     2.88362
2003 10 29 11 10 00     66.108     358.408     1.69703
2003 10 29 11 30 00     66.108     358.408     1.01014
2003 10 29 11 50 00     66.108     358.408     0.81932
2003 10 29 12 10 00     66.108     358.408     0.81913
2003 10 29 12 30 00     66.108     358.408     0.78491
2003 10 29 12 50 00     66.108     358.408     1.56539
2003 10 29 13 10 00     66.108     358.408     0.55035
2003 10 29 13 30 00     66.108     358.408     1.01719
2003 10 29 13 50 00     66.108     358.408     1.16863
2003 10 29 14 10 00     66.108     358.408     0.73396
2003 10 29 14 30 00     66.108     358.408     0.75762
2003 10 29 14 50 00     66.108     358.408     0.72676
2003 10 29 15 10 00     66.108     358.408     0.66717
2003 10 29 15 30 00     66.108     358.408     0.86692
2003 10 29 15 50 00     66.108     358.408     0.90449
2003 10 29 16 10 00     66.108     358.408     0.51771
2003 10 29 16 30 00     66.108     358.408     0.48877
2003 10 29 16 50 00     66.108     358.408     0.91300
2003 10 29 17 10 00     66.108     358.408     0.69259
2003 10 29 17 30 00     66.108     358.408     0.72920
2003 10 29 17 50 00     66.108     358.408     0.69476
2003 10 29 18 10 00     66.108     358.408     0.60103
2003 10 29 18 30 00     66.108     358.408     4.44458
2003 10 29 18 50 00     66.108     358.408     1.39213
2003 10 29 19 10 00     66.108     358.408     1.25674
2003 10 29 19 30 00     66.108     358.408     1.93910
2003 10 29 19 50 00     66.108     358.408     1.94709
2003 10 29 20 10 00     66.108     358.408     1.71938
2003 10 29 20 30 00     66.108     358.408     1.17561
2003 10 29 20 50 00     66.108     358.408     1.41522
2003 10 29 21 10 00     66.108     358.408     1.02983
2003 10 29 21 30 00     66.108     358.408     2.27385
2003 10 29 21 50 00     66.108     358.408     1.79934
2003 10 29 22 10 00     66.108     358.408     1.80074
2003 10 29 22 30 00     66.108     358.408     2.39478
2003 10 29 22 50 00     66.108     358.408     1.06897
2003 10 29 23 10 00     66.108     358.408     0.82269
2003 10 29 23 30 00     66.108     358.408     1.16694
2003 10 29 23 50 00     66.108     358.408     0.92525
2003 10 30 00 10 00     66.108     358.408     0.83703
2003 10 30 00 30 00     66.108     358.408     0.86639
2003 10 30 00 50 00     66.108     358.408     1.01614
2003 10 30 01 10 00     66.108     358.408     1.23767
2003 10 30 01 30 00     66.108     358.408     0.94440
2003 10 30 01 50 00     66.108     358.408     1.68114
2003 10 30 02 10 00     66.108     358.408     1.95057
2003 10 30 02 30 00     66.108     358.408     2.23851
2003 10 30 02 50 00     66.108     358.408     1.32832
2003 10 30 03 10 00     66.108     358.408     1.39096
2003 10 30 03 30 00     66.108     358.408     1.12772
2003 10 30 03 50 00     66.108     358.408     0.83773
2003 10 30 04 10 00     66.108     358.408     0.28814
2003 10 30 04 30 00     66.108     358.408     0.42628
2003 10 30 04 50 00     66.108     358.408     0.72586
2003 10 30 05 10 00     66.108     358.408     0.90998
2003 10 30 05 30 00     66.108     358.408     1.28287
2003 10 30 05 50 00     66.108     358.408     0.92898
