# run: Mean_20230628
# model: Mean
# Shielding angle [deg.]:      -90.0000
# North, East and vertical components of magnetic field
# Station: WNG
#Position (GEO): lon=       9.07300 lat=      53.7430
Year Month Day Hour Min Sec GeomagLat GeomagLon dBdt_Horizonatl
[year] [month] [day] [hour] [min] [s] [deg] [deg] [nT/s]

2003 10 29 06 10 00     50.166     86.996     1.17500
2003 10 29 06 30 00     50.166     86.996     1.21662
2003 10 29 06 50 00     50.166     86.996     3.92843
2003 10 29 07 10 00     50.166     86.996     4.16114
2003 10 29 07 30 00     50.166     86.996     1.40373
2003 10 29 07 50 00     50.166     86.996     1.28973
2003 10 29 08 10 00     50.166     86.996     1.36484
2003 10 29 08 30 00     50.166     86.996     0.99570
2003 10 29 08 50 00     50.166     86.996     1.28890
2003 10 29 09 10 00     50.166     86.996     0.88994
2003 10 29 09 30 00     50.166     86.996     0.87515
2003 10 29 09 50 00     50.166     86.996     0.42359
2003 10 29 10 10 00     50.166     86.996     0.27698
2003 10 29 10 30 00     50.166     86.996     1.04527
2003 10 29 10 50 00     50.166     86.996     0.59750
2003 10 29 11 10 00     50.166     86.996     0.43517
2003 10 29 11 30 00     50.166     86.996     0.44090
2003 10 29 11 50 00     50.166     86.996     0.26973
2003 10 29 12 10 00     50.166     86.996     0.43434
2003 10 29 12 30 00     50.166     86.996     0.35082
2003 10 29 12 50 00     50.166     86.996     0.27809
2003 10 29 13 10 00     50.166     86.996     0.37363
2003 10 29 13 30 00     50.166     86.996     0.29812
2003 10 29 13 50 00     50.166     86.996     0.35818
2003 10 29 14 10 00     50.166     86.996     0.51365
2003 10 29 14 30 00     50.166     86.996     0.37706
2003 10 29 14 50 00     50.166     86.996     0.44283
2003 10 29 15 10 00     50.166     86.996     0.45371
2003 10 29 15 30 00     50.166     86.996     0.37241
2003 10 29 15 50 00     50.166     86.996     0.53912
2003 10 29 16 10 00     50.166     86.996     0.25082
2003 10 29 16 30 00     50.166     86.996     0.26736
2003 10 29 16 50 00     50.166     86.996     0.24908
2003 10 29 17 10 00     50.166     86.996     0.45480
2003 10 29 17 30 00     50.166     86.996     0.40410
2003 10 29 17 50 00     50.166     86.996     0.31740
2003 10 29 18 10 00     50.166     86.996     0.27366
2003 10 29 18 30 00     50.166     86.996     0.56787
2003 10 29 18 50 00     50.166     86.996     0.36301
2003 10 29 19 10 00     50.166     86.996     0.51996
2003 10 29 19 30 00     50.166     86.996     0.60201
2003 10 29 19 50 00     50.166     86.996     0.65100
2003 10 29 20 10 00     50.166     86.996     0.93500
2003 10 29 20 30 00     50.166     86.996     1.09717
2003 10 29 20 50 00     50.166     86.996     0.46719
2003 10 29 21 10 00     50.166     86.996     0.44325
2003 10 29 21 30 00     50.166     86.996     0.91463
2003 10 29 21 50 00     50.166     86.996     0.50161
2003 10 29 22 10 00     50.166     86.996     0.68416
2003 10 29 22 30 00     50.166     86.996     0.56374
2003 10 29 22 50 00     50.166     86.996     0.56246
2003 10 29 23 10 00     50.166     86.996     0.89753
2003 10 29 23 30 00     50.166     86.996     1.31307
2003 10 29 23 50 00     50.166     86.996     0.72054
2003 10 30 00 10 00     50.166     86.996     0.49082
2003 10 30 00 30 00     50.166     86.996     0.58990
2003 10 30 00 50 00     50.166     86.996     0.45996
2003 10 30 01 10 00     50.166     86.996     0.40888
2003 10 30 01 30 00     50.166     86.996     0.55114
2003 10 30 01 50 00     50.166     86.996     0.62965
2003 10 30 02 10 00     50.166     86.996     0.61859
2003 10 30 02 30 00     50.166     86.996     0.57830
2003 10 30 02 50 00     50.166     86.996     0.43094
2003 10 30 03 10 00     50.166     86.996     0.40530
2003 10 30 03 30 00     50.166     86.996     0.20128
2003 10 30 03 50 00     50.166     86.996     0.15221
2003 10 30 04 10 00     50.166     86.996     0.08498
2003 10 30 04 30 00     50.166     86.996     0.13192
2003 10 30 04 50 00     50.166     86.996     0.11940
2003 10 30 05 10 00     50.166     86.996     0.38260
2003 10 30 05 30 00     50.166     86.996     0.24111
2003 10 30 05 50 00     50.166     86.996     0.22000
