# run: Median_20230628
# model: Median
# Shielding angle [deg.]:      -90.0000
# North, East and vertical components of magnetic field
# Station: ABK
#Position (GEO): lon=       18.8240 lat=      68.3560
Year Month Day Hour Min Sec GeomagLat GeomagLon dBdt_Horizonatl
[year] [month] [day] [hour] [min] [s] [deg] [deg] [nT/s]

2003 10 29 06 10 00     65.112     102.308     3.64007
2003 10 29 06 30 00     65.112     102.308     4.50648
2003 10 29 06 50 00     65.112     102.308     10.07656
2003 10 29 07 10 00     65.112     102.308     8.24918
2003 10 29 07 30 00     65.112     102.308     3.79937
2003 10 29 07 50 00     65.112     102.308     1.74870
2003 10 29 08 10 00     65.112     102.308     3.66879
2003 10 29 08 30 00     65.112     102.308     1.59910
2003 10 29 08 50 00     65.112     102.308     3.14428
2003 10 29 09 10 00     65.112     102.308     2.34894
2003 10 29 09 30 00     65.112     102.308     1.39499
2003 10 29 09 50 00     65.112     102.308     0.61470
2003 10 29 10 10 00     65.112     102.308     0.44797
2003 10 29 10 30 00     65.112     102.308     1.99933
2003 10 29 10 50 00     65.112     102.308     1.32716
2003 10 29 11 10 00     65.112     102.308     1.90477
2003 10 29 11 30 00     65.112     102.308     1.33346
2003 10 29 11 50 00     65.112     102.308     0.41924
2003 10 29 12 10 00     65.112     102.308     0.82961
2003 10 29 12 30 00     65.112     102.308     0.40669
2003 10 29 12 50 00     65.112     102.308     0.48198
2003 10 29 13 10 00     65.112     102.308     0.52596
2003 10 29 13 30 00     65.112     102.308     0.51081
2003 10 29 13 50 00     65.112     102.308     0.55129
2003 10 29 14 10 00     65.112     102.308     0.66735
2003 10 29 14 30 00     65.112     102.308     0.65325
2003 10 29 14 50 00     65.112     102.308     0.66505
2003 10 29 15 10 00     65.112     102.308     0.70813
2003 10 29 15 30 00     65.112     102.308     0.68222
2003 10 29 15 50 00     65.112     102.308     0.84260
2003 10 29 16 10 00     65.112     102.308     0.51554
2003 10 29 16 30 00     65.112     102.308     0.43775
2003 10 29 16 50 00     65.112     102.308     0.61864
2003 10 29 17 10 00     65.112     102.308     0.94047
2003 10 29 17 30 00     65.112     102.308     0.61096
2003 10 29 17 50 00     65.112     102.308     0.92120
2003 10 29 18 10 00     65.112     102.308     0.90145
2003 10 29 18 30 00     65.112     102.308     1.06088
2003 10 29 18 50 00     65.112     102.308     1.36111
2003 10 29 19 10 00     65.112     102.308     1.53243
2003 10 29 19 30 00     65.112     102.308     2.52857
2003 10 29 19 50 00     65.112     102.308     1.06055
2003 10 29 20 10 00     65.112     102.308     1.64355
2003 10 29 20 30 00     65.112     102.308     1.05344
2003 10 29 20 50 00     65.112     102.308     0.86403
2003 10 29 21 10 00     65.112     102.308     1.22707
2003 10 29 21 30 00     65.112     102.308     1.26893
2003 10 29 21 50 00     65.112     102.308     1.38224
2003 10 29 22 10 00     65.112     102.308     1.04236
2003 10 29 22 30 00     65.112     102.308     1.36798
2003 10 29 22 50 00     65.112     102.308     1.16696
2003 10 29 23 10 00     65.112     102.308     0.72209
2003 10 29 23 30 00     65.112     102.308     0.72794
2003 10 29 23 50 00     65.112     102.308     1.64324
2003 10 30 00 10 00     65.112     102.308     0.79406
2003 10 30 00 30 00     65.112     102.308     0.84608
2003 10 30 00 50 00     65.112     102.308     0.77254
2003 10 30 01 10 00     65.112     102.308     1.47523
2003 10 30 01 30 00     65.112     102.308     0.67436
2003 10 30 01 50 00     65.112     102.308     0.59674
2003 10 30 02 10 00     65.112     102.308     1.20162
2003 10 30 02 30 00     65.112     102.308     0.59324
2003 10 30 02 50 00     65.112     102.308     2.40436
2003 10 30 03 10 00     65.112     102.308     1.88636
2003 10 30 03 30 00     65.112     102.308     0.76749
2003 10 30 03 50 00     65.112     102.308     0.58921
2003 10 30 04 10 00     65.112     102.308     0.48659
2003 10 30 04 30 00     65.112     102.308     0.31448
2003 10 30 04 50 00     65.112     102.308     0.31794
2003 10 30 05 10 00     65.112     102.308     1.79637
2003 10 30 05 30 00     65.112     102.308     1.58250
2003 10 30 05 50 00     65.112     102.308     0.47800
