# run: Median_20230628
# model: Median
# Shielding angle [deg.]:      -90.0000
# North, East and vertical components of magnetic field
# Station: NEW
#Position (GEO): lon=       242.880 lat=      48.2710
Year Month Day Hour Min Sec GeomagLat GeomagLon dBdt_Horizonatl
[year] [month] [day] [hour] [min] [s] [deg] [deg] [nT/s]

2003 10 29 06 10 00     55.049     302.696     0.67668
2003 10 29 06 30 00     55.049     302.696     0.87265
2003 10 29 06 50 00     55.049     302.696     2.62551
2003 10 29 07 10 00     55.049     302.696     1.84912
2003 10 29 07 30 00     55.049     302.696     1.83482
2003 10 29 07 50 00     55.049     302.696     1.33503
2003 10 29 08 10 00     55.049     302.696     1.03860
2003 10 29 08 30 00     55.049     302.696     0.80911
2003 10 29 08 50 00     55.049     302.696     0.51523
2003 10 29 09 10 00     55.049     302.696     0.83915
2003 10 29 09 30 00     55.049     302.696     0.28107
2003 10 29 09 50 00     55.049     302.696     0.63360
2003 10 29 10 10 00     55.049     302.696     0.19683
2003 10 29 10 30 00     55.049     302.696     1.06656
2003 10 29 10 50 00     55.049     302.696     0.59466
2003 10 29 11 10 00     55.049     302.696     0.35880
2003 10 29 11 30 00     55.049     302.696     0.40422
2003 10 29 11 50 00     55.049     302.696     0.16667
2003 10 29 12 10 00     55.049     302.696     0.24940
2003 10 29 12 30 00     55.049     302.696     0.19059
2003 10 29 12 50 00     55.049     302.696     0.14675
2003 10 29 13 10 00     55.049     302.696     0.13978
2003 10 29 13 30 00     55.049     302.696     0.25627
2003 10 29 13 50 00     55.049     302.696     0.12025
2003 10 29 14 10 00     55.049     302.696     0.38324
2003 10 29 14 30 00     55.049     302.696     0.22279
2003 10 29 14 50 00     55.049     302.696     0.35426
2003 10 29 15 10 00     55.049     302.696     0.20564
2003 10 29 15 30 00     55.049     302.696     0.25173
2003 10 29 15 50 00     55.049     302.696     0.22981
2003 10 29 16 10 00     55.049     302.696     0.22344
2003 10 29 16 30 00     55.049     302.696     0.12010
2003 10 29 16 50 00     55.049     302.696     0.32858
2003 10 29 17 10 00     55.049     302.696     0.34065
2003 10 29 17 30 00     55.049     302.696     0.27026
2003 10 29 17 50 00     55.049     302.696     0.38058
2003 10 29 18 10 00     55.049     302.696     0.34893
2003 10 29 18 30 00     55.049     302.696     0.71909
2003 10 29 18 50 00     55.049     302.696     0.37321
2003 10 29 19 10 00     55.049     302.696     0.74388
2003 10 29 19 30 00     55.049     302.696     1.18199
2003 10 29 19 50 00     55.049     302.696     0.69107
2003 10 29 20 10 00     55.049     302.696     0.33007
2003 10 29 20 30 00     55.049     302.696     0.55469
2003 10 29 20 50 00     55.049     302.696     0.50888
2003 10 29 21 10 00     55.049     302.696     0.23801
2003 10 29 21 30 00     55.049     302.696     0.16256
2003 10 29 21 50 00     55.049     302.696     0.30738
2003 10 29 22 10 00     55.049     302.696     0.48898
2003 10 29 22 30 00     55.049     302.696     0.51835
2003 10 29 22 50 00     55.049     302.696     0.44875
2003 10 29 23 10 00     55.049     302.696     0.69570
2003 10 29 23 30 00     55.049     302.696     0.37086
2003 10 29 23 50 00     55.049     302.696     0.83353
2003 10 30 00 10 00     55.049     302.696     0.44422
2003 10 30 00 30 00     55.049     302.696     0.38233
2003 10 30 00 50 00     55.049     302.696     0.74197
2003 10 30 01 10 00     55.049     302.696     0.30406
2003 10 30 01 30 00     55.049     302.696     0.54792
2003 10 30 01 50 00     55.049     302.696     0.29070
2003 10 30 02 10 00     55.049     302.696     0.34986
2003 10 30 02 30 00     55.049     302.696     0.23412
2003 10 30 02 50 00     55.049     302.696     0.46310
2003 10 30 03 10 00     55.049     302.696     0.35303
2003 10 30 03 30 00     55.049     302.696     0.35567
2003 10 30 03 50 00     55.049     302.696     0.23284
2003 10 30 04 10 00     55.049     302.696     0.10630
2003 10 30 04 30 00     55.049     302.696     0.20400
2003 10 30 04 50 00     55.049     302.696     0.16837
2003 10 30 05 10 00     55.049     302.696     0.27284
2003 10 30 05 30 00     55.049     302.696     0.22857
2003 10 30 05 50 00     55.049     302.696     0.11281
