# run: Median_20230628
# model: Median
# Shielding angle [deg.]:      -90.0000
# North, East and vertical components of magnetic field
# Station: OTT
#Position (GEO): lon=       284.447 lat=      45.4030
Year Month Day Hour Min Sec GeomagLat GeomagLon dBdt_Horizonatl
[year] [month] [day] [hour] [min] [s] [deg] [deg] [nT/s]

2003 10 29 06 10 00     56.326     0.748     0.56291
2003 10 29 06 30 00     56.326     0.748     0.66953
2003 10 29 06 50 00     56.326     0.748     1.78407
2003 10 29 07 10 00     56.326     0.748     3.53697
2003 10 29 07 30 00     56.326     0.748     1.19736
2003 10 29 07 50 00     56.326     0.748     0.92705
2003 10 29 08 10 00     56.326     0.748     0.99720
2003 10 29 08 30 00     56.326     0.748     0.29828
2003 10 29 08 50 00     56.326     0.748     0.71114
2003 10 29 09 10 00     56.326     0.748     0.69771
2003 10 29 09 30 00     56.326     0.748     0.18398
2003 10 29 09 50 00     56.326     0.748     0.23527
2003 10 29 10 10 00     56.326     0.748     0.18550
2003 10 29 10 30 00     56.326     0.748     0.38567
2003 10 29 10 50 00     56.326     0.748     0.84833
2003 10 29 11 10 00     56.326     0.748     0.31933
2003 10 29 11 30 00     56.326     0.748     0.51669
2003 10 29 11 50 00     56.326     0.748     0.20712
2003 10 29 12 10 00     56.326     0.748     0.47692
2003 10 29 12 30 00     56.326     0.748     0.16248
2003 10 29 12 50 00     56.326     0.748     0.28479
2003 10 29 13 10 00     56.326     0.748     0.26129
2003 10 29 13 30 00     56.326     0.748     0.19960
2003 10 29 13 50 00     56.326     0.748     0.25011
2003 10 29 14 10 00     56.326     0.748     0.34729
2003 10 29 14 30 00     56.326     0.748     0.58520
2003 10 29 14 50 00     56.326     0.748     0.30200
2003 10 29 15 10 00     56.326     0.748     0.21808
2003 10 29 15 30 00     56.326     0.748     0.34935
2003 10 29 15 50 00     56.326     0.748     0.54303
2003 10 29 16 10 00     56.326     0.748     0.16269
2003 10 29 16 30 00     56.326     0.748     0.18548
2003 10 29 16 50 00     56.326     0.748     0.24307
2003 10 29 17 10 00     56.326     0.748     0.24798
2003 10 29 17 30 00     56.326     0.748     0.22028
2003 10 29 17 50 00     56.326     0.748     0.54574
2003 10 29 18 10 00     56.326     0.748     0.26734
2003 10 29 18 30 00     56.326     0.748     0.56183
2003 10 29 18 50 00     56.326     0.748     0.47677
2003 10 29 19 10 00     56.326     0.748     0.70187
2003 10 29 19 30 00     56.326     0.748     0.62423
2003 10 29 19 50 00     56.326     0.748     0.82161
2003 10 29 20 10 00     56.326     0.748     1.18966
2003 10 29 20 30 00     56.326     0.748     1.46187
2003 10 29 20 50 00     56.326     0.748     1.26515
2003 10 29 21 10 00     56.326     0.748     0.70901
2003 10 29 21 30 00     56.326     0.748     0.74804
2003 10 29 21 50 00     56.326     0.748     0.46572
2003 10 29 22 10 00     56.326     0.748     0.54455
2003 10 29 22 30 00     56.326     0.748     0.41383
2003 10 29 22 50 00     56.326     0.748     0.31746
2003 10 29 23 10 00     56.326     0.748     0.29012
2003 10 29 23 30 00     56.326     0.748     0.45370
2003 10 29 23 50 00     56.326     0.748     0.42300
2003 10 30 00 10 00     56.326     0.748     0.30982
2003 10 30 00 30 00     56.326     0.748     0.30677
2003 10 30 00 50 00     56.326     0.748     0.37796
2003 10 30 01 10 00     56.326     0.748     0.29796
2003 10 30 01 30 00     56.326     0.748     0.32915
2003 10 30 01 50 00     56.326     0.748     0.15199
2003 10 30 02 10 00     56.326     0.748     0.15762
2003 10 30 02 30 00     56.326     0.748     0.24947
2003 10 30 02 50 00     56.326     0.748     0.93462
2003 10 30 03 10 00     56.326     0.748     0.59403
2003 10 30 03 30 00     56.326     0.748     0.31252
2003 10 30 03 50 00     56.326     0.748     0.28380
2003 10 30 04 10 00     56.326     0.748     0.12831
2003 10 30 04 30 00     56.326     0.748     0.19922
2003 10 30 04 50 00     56.326     0.748     0.22755
2003 10 30 05 10 00     56.326     0.748     0.42959
2003 10 30 05 30 00     56.326     0.748     0.31128
2003 10 30 05 50 00     56.326     0.748     0.12216
