# run: Median_20230628
# model: Median
# Shielding angle [deg.]:      -90.0000
# North, East and vertical components of magnetic field
# Station: WNG
#Position (GEO): lon=       9.07300 lat=      53.7430
Year Month Day Hour Min Sec GeomagLat GeomagLon dBdt_Horizonatl
[year] [month] [day] [hour] [min] [s] [deg] [deg] [nT/s]

2003 10 29 06 10 00     50.166     86.996     1.11237
2003 10 29 06 30 00     50.166     86.996     1.53472
2003 10 29 06 50 00     50.166     86.996     4.12875
2003 10 29 07 10 00     50.166     86.996     2.33622
2003 10 29 07 30 00     50.166     86.996     1.76554
2003 10 29 07 50 00     50.166     86.996     0.98696
2003 10 29 08 10 00     50.166     86.996     0.59752
2003 10 29 08 30 00     50.166     86.996     0.58056
2003 10 29 08 50 00     50.166     86.996     1.13385
2003 10 29 09 10 00     50.166     86.996     0.69867
2003 10 29 09 30 00     50.166     86.996     0.37850
2003 10 29 09 50 00     50.166     86.996     0.23422
2003 10 29 10 10 00     50.166     86.996     0.14988
2003 10 29 10 30 00     50.166     86.996     0.99092
2003 10 29 10 50 00     50.166     86.996     0.35357
2003 10 29 11 10 00     50.166     86.996     0.27433
2003 10 29 11 30 00     50.166     86.996     0.26734
2003 10 29 11 50 00     50.166     86.996     0.15465
2003 10 29 12 10 00     50.166     86.996     0.39292
2003 10 29 12 30 00     50.166     86.996     0.10740
2003 10 29 12 50 00     50.166     86.996     0.16447
2003 10 29 13 10 00     50.166     86.996     0.25754
2003 10 29 13 30 00     50.166     86.996     0.19758
2003 10 29 13 50 00     50.166     86.996     0.31069
2003 10 29 14 10 00     50.166     86.996     0.20390
2003 10 29 14 30 00     50.166     86.996     0.31820
2003 10 29 14 50 00     50.166     86.996     0.31196
2003 10 29 15 10 00     50.166     86.996     0.43725
2003 10 29 15 30 00     50.166     86.996     0.28491
2003 10 29 15 50 00     50.166     86.996     0.52884
2003 10 29 16 10 00     50.166     86.996     0.16053
2003 10 29 16 30 00     50.166     86.996     0.17114
2003 10 29 16 50 00     50.166     86.996     0.21571
2003 10 29 17 10 00     50.166     86.996     0.25642
2003 10 29 17 30 00     50.166     86.996     0.22352
2003 10 29 17 50 00     50.166     86.996     0.25469
2003 10 29 18 10 00     50.166     86.996     0.25609
2003 10 29 18 30 00     50.166     86.996     0.42031
2003 10 29 18 50 00     50.166     86.996     0.28269
2003 10 29 19 10 00     50.166     86.996     0.50977
2003 10 29 19 30 00     50.166     86.996     0.57668
2003 10 29 19 50 00     50.166     86.996     0.50486
2003 10 29 20 10 00     50.166     86.996     0.48075
2003 10 29 20 30 00     50.166     86.996     0.55043
2003 10 29 20 50 00     50.166     86.996     0.25580
2003 10 29 21 10 00     50.166     86.996     0.37063
2003 10 29 21 30 00     50.166     86.996     0.46383
2003 10 29 21 50 00     50.166     86.996     0.31765
2003 10 29 22 10 00     50.166     86.996     0.30240
2003 10 29 22 30 00     50.166     86.996     0.36120
2003 10 29 22 50 00     50.166     86.996     0.31636
2003 10 29 23 10 00     50.166     86.996     0.19945
2003 10 29 23 30 00     50.166     86.996     0.52907
2003 10 29 23 50 00     50.166     86.996     0.24824
2003 10 30 00 10 00     50.166     86.996     0.12731
2003 10 30 00 30 00     50.166     86.996     0.18766
2003 10 30 00 50 00     50.166     86.996     0.15482
2003 10 30 01 10 00     50.166     86.996     0.24127
2003 10 30 01 30 00     50.166     86.996     0.20672
2003 10 30 01 50 00     50.166     86.996     0.18934
2003 10 30 02 10 00     50.166     86.996     0.18131
2003 10 30 02 30 00     50.166     86.996     0.27357
2003 10 30 02 50 00     50.166     86.996     0.43715
2003 10 30 03 10 00     50.166     86.996     0.28951
2003 10 30 03 30 00     50.166     86.996     0.16492
2003 10 30 03 50 00     50.166     86.996     0.18029
2003 10 30 04 10 00     50.166     86.996     0.06056
2003 10 30 04 30 00     50.166     86.996     0.09429
2003 10 30 04 50 00     50.166     86.996     0.06309
2003 10 30 05 10 00     50.166     86.996     0.37609
2003 10 30 05 30 00     50.166     86.996     0.17082
2003 10 30 05 50 00     50.166     86.996     0.09855
