# run: Median_20230628
# model: Median
# Shielding angle [deg.]:      -90.0000
# North, East and vertical components of magnetic field
# Station: SNK
#Position (GEO): lon=       280.800 lat=      56.6000
Year Month Day Hour Min Sec GeomagLat GeomagLon dBdt_Horizonatl
[year] [month] [day] [hour] [min] [s] [deg] [deg] [nT/s]

2010 04 05 00 10 00     66.41     358.083     0.13256
2010 04 05 00 30 00     66.41     358.083     0.07612
2010 04 05 00 50 00     66.41     358.083     0.12324
2010 04 05 01 10 00     66.41     358.083     0.11330
2010 04 05 01 30 00     66.41     358.083     0.14351
2010 04 05 01 50 00     66.41     358.083     0.11208
2010 04 05 02 10 00     66.41     358.083     0.13539
2010 04 05 02 30 00     66.41     358.083     0.16161
2010 04 05 02 50 00     66.41     358.083     0.14022
2010 04 05 03 10 00     66.41     358.083     0.11311
2010 04 05 03 30 00     66.41     358.083     0.13070
2010 04 05 03 50 00     66.41     358.083     0.14915
2010 04 05 04 10 00     66.41     358.083     0.14836
2010 04 05 04 30 00     66.41     358.083     0.14705
2010 04 05 04 50 00     66.41     358.083     0.14612
2010 04 05 05 10 00     66.41     358.083     0.15507
2010 04 05 05 30 00     66.41     358.083     0.18829
2010 04 05 05 50 00     66.41     358.083     0.16272
2010 04 05 06 10 00     66.41     358.083     0.10153
2010 04 05 06 30 00     66.41     358.083     0.11068
2010 04 05 06 50 00     66.41     358.083     0.05448
2010 04 05 07 10 00     66.41     358.083     0.17706
2010 04 05 07 30 00     66.41     358.083     0.13920
2010 04 05 07 50 00     66.41     358.083     0.12665
2010 04 05 08 10 00     66.41     358.083     0.23540
2010 04 05 08 30 00     66.41     358.083     0.46482
2010 04 05 08 50 00     66.41     358.083     0.59301
2010 04 05 09 10 00     66.41     358.083     0.59615
2010 04 05 09 30 00     66.41     358.083     0.70076
2010 04 05 09 50 00     66.41     358.083     0.99354
2010 04 05 10 10 00     66.41     358.083     0.95355
2010 04 05 10 30 00     66.41     358.083     0.94747
2010 04 05 10 50 00     66.41     358.083     1.10115
2010 04 05 11 10 00     66.41     358.083     0.42279
2010 04 05 11 30 00     66.41     358.083     0.59404
2010 04 05 11 50 00     66.41     358.083     0.37325
2010 04 05 12 10 00     66.41     358.083     0.37681
2010 04 05 12 30 00     66.41     358.083     0.58046
2010 04 05 12 50 00     66.41     358.083     0.56884
2010 04 05 13 10 00     66.41     358.083     0.51092
2010 04 05 13 30 00     66.41     358.083     0.63806
2010 04 05 13 50 00     66.41     358.083     0.37148
2010 04 05 14 10 00     66.41     358.083     0.61398
2010 04 05 14 30 00     66.41     358.083     0.16389
2010 04 05 14 50 00     66.41     358.083     0.40838
2010 04 05 15 10 00     66.41     358.083     0.36125
2010 04 05 15 30 00     66.41     358.083     0.45563
2010 04 05 15 50 00     66.41     358.083     0.45030
2010 04 05 16 10 00     66.41     358.083     0.22774
2010 04 05 16 30 00     66.41     358.083     0.30391
2010 04 05 16 50 00     66.41     358.083     0.25277
2010 04 05 17 10 00     66.41     358.083     0.32929
2010 04 05 17 30 00     66.41     358.083     0.16562
2010 04 05 17 50 00     66.41     358.083     0.21342
2010 04 05 18 10 00     66.41     358.083     0.19498
2010 04 05 18 30 00     66.41     358.083     0.15252
2010 04 05 18 50 00     66.41     358.083     0.32616
2010 04 05 19 10 00     66.41     358.083     0.09215
2010 04 05 19 30 00     66.41     358.083     0.11604
2010 04 05 19 50 00     66.41     358.083     0.10463
2010 04 05 20 10 00     66.41     358.083     0.10689
2010 04 05 20 30 00     66.41     358.083     0.16843
2010 04 05 20 50 00     66.41     358.083     0.14534
2010 04 05 21 10 00     66.41     358.083     0.21706
2010 04 05 21 30 00     66.41     358.083     0.09830
2010 04 05 21 50 00     66.41     358.083     0.15094
2010 04 05 22 10 00     66.41     358.083     0.15215
2010 04 05 22 30 00     66.41     358.083     0.14556
2010 04 05 22 50 00     66.41     358.083     0.23925
2010 04 05 23 10 00     66.41     358.083     0.23149
2010 04 05 23 30 00     66.41     358.083     0.12425
2010 04 05 23 50 00     66.41     358.083     0.20000
