# run: Median_20230628
# model: Median
# Shielding angle [deg.]:      -90.0000
# North, East and vertical components of magnetic field
# Station: YKC
#Position (GEO): lon=        lat=      
Year Month Day Hour Min Sec GeomagLat GeomagLon dBdt_Horizonatl
[year] [month] [day] [hour] [min] [s] [deg] [deg] [nT/s]

2010 04 05 00 10 00     65.112     102.308     0.19420
2010 04 05 00 30 00     65.112     102.308     0.11378
2010 04 05 00 50 00     65.112     102.308     0.24687
2010 04 05 01 10 00     65.112     102.308     0.16022
2010 04 05 01 30 00     65.112     102.308     0.14313
2010 04 05 01 50 00     65.112     102.308     0.19589
2010 04 05 02 10 00     65.112     102.308     0.17812
2010 04 05 02 30 00     65.112     102.308     0.11528
2010 04 05 02 50 00     65.112     102.308     0.16151
2010 04 05 03 10 00     65.112     102.308     0.14891
2010 04 05 03 30 00     65.112     102.308     0.15366
2010 04 05 03 50 00     65.112     102.308     0.14229
2010 04 05 04 10 00     65.112     102.308     0.14667
2010 04 05 04 30 00     65.112     102.308     0.14140
2010 04 05 04 50 00     65.112     102.308     0.10919
2010 04 05 05 10 00     65.112     102.308     0.12771
2010 04 05 05 30 00     65.112     102.308     0.12222
2010 04 05 05 50 00     65.112     102.308     0.10696
2010 04 05 06 10 00     65.112     102.308     0.06510
2010 04 05 06 30 00     65.112     102.308     0.06075
2010 04 05 06 50 00     65.112     102.308     0.05905
2010 04 05 07 10 00     65.112     102.308     0.19802
2010 04 05 07 30 00     65.112     102.308     0.20555
2010 04 05 07 50 00     65.112     102.308     0.12761
2010 04 05 08 10 00     65.112     102.308     0.16072
2010 04 05 08 30 00     65.112     102.308     0.59920
2010 04 05 08 50 00     65.112     102.308     0.61567
2010 04 05 09 10 00     65.112     102.308     0.33434
2010 04 05 09 30 00     65.112     102.308     0.58442
2010 04 05 09 50 00     65.112     102.308     0.54609
2010 04 05 10 10 00     65.112     102.308     0.96645
2010 04 05 10 30 00     65.112     102.308     0.39410
2010 04 05 10 50 00     65.112     102.308     0.42298
2010 04 05 11 10 00     65.112     102.308     0.33987
2010 04 05 11 30 00     65.112     102.308     0.38038
2010 04 05 11 50 00     65.112     102.308     0.35141
2010 04 05 12 10 00     65.112     102.308     0.29884
2010 04 05 12 30 00     65.112     102.308     0.48415
2010 04 05 12 50 00     65.112     102.308     0.84264
2010 04 05 13 10 00     65.112     102.308     0.72774
2010 04 05 13 30 00     65.112     102.308     0.43501
2010 04 05 13 50 00     65.112     102.308     0.54358
2010 04 05 14 10 00     65.112     102.308     0.41311
2010 04 05 14 30 00     65.112     102.308     0.36841
2010 04 05 14 50 00     65.112     102.308     0.36123
2010 04 05 15 10 00     65.112     102.308     0.25636
2010 04 05 15 30 00     65.112     102.308     0.49604
2010 04 05 15 50 00     65.112     102.308     0.42455
2010 04 05 16 10 00     65.112     102.308     0.29607
2010 04 05 16 30 00     65.112     102.308     0.21842
2010 04 05 16 50 00     65.112     102.308     0.33356
2010 04 05 17 10 00     65.112     102.308     0.42929
2010 04 05 17 30 00     65.112     102.308     0.19282
2010 04 05 17 50 00     65.112     102.308     0.26060
2010 04 05 18 10 00     65.112     102.308     0.23269
2010 04 05 18 30 00     65.112     102.308     0.24450
2010 04 05 18 50 00     65.112     102.308     0.40644
2010 04 05 19 10 00     65.112     102.308     0.16348
2010 04 05 19 30 00     65.112     102.308     0.12264
2010 04 05 19 50 00     65.112     102.308     0.17500
2010 04 05 20 10 00     65.112     102.308     0.20649
2010 04 05 20 30 00     65.112     102.308     0.25525
2010 04 05 20 50 00     65.112     102.308     0.20449
2010 04 05 21 10 00     65.112     102.308     0.14069
2010 04 05 21 30 00     65.112     102.308     0.11353
2010 04 05 21 50 00     65.112     102.308     0.17763
2010 04 05 22 10 00     65.112     102.308     0.10830
2010 04 05 22 30 00     65.112     102.308     0.14015
2010 04 05 22 50 00     65.112     102.308     0.16479
2010 04 05 23 10 00     65.112     102.308     0.14260
2010 04 05 23 30 00     65.112     102.308     0.17948
2010 04 05 23 50 00     65.112     102.308     0.22471
