# run: Mean_20230814
# model: Mean
# Shielding angle [deg.]:      -90.0000
# North, East and vertical components of magnetic field
# Station: ABK
#Position (GEO): lon=       18.240 lat=      68.3560
Year Month Day Hour Min Sec GeomagLat GeomagLon dBdt_Horizontal
[year] [month] [day] [hour] [min] [s] [deg] [deg] [nT/s] [nT/s] [nT/s]
2006 12 14 12 10 00     65.1120     102.300     0.18259     0.00     0.00
2006 12 14 12 30 00     65.1120     102.300     0.14640     0.00     0.00
2006 12 14 12 50 00     65.1120     102.300     0.11113     0.00     0.00
2006 12 14 13 10 00     65.1120     102.300     0.16131     0.00     0.00
2006 12 14 13 30 00     65.1120     102.300     0.13937     0.00     0.00
2006 12 14 13 50 00     65.1120     102.300     0.16087     0.00     0.00
2006 12 14 14 10 00     65.1120     102.300     0.14125     0.00     0.00
2006 12 14 14 30 00     65.1120     102.300     0.56445     0.00     0.00
2006 12 14 14 50 00     65.1120     102.300     0.99883     0.00     0.00
2006 12 14 15 10 00     65.1120     102.300     0.62583     0.00     0.00
2006 12 14 15 30 00     65.1120     102.300     0.60644     0.00     0.00
2006 12 14 15 50 00     65.1120     102.300     0.43719     0.00     0.00
2006 12 14 16 10 00     65.1120     102.300     0.53120     0.00     0.00
2006 12 14 16 30 00     65.1120     102.300     0.65330     0.00     0.00
2006 12 14 16 50 00     65.1120     102.300     0.65886     0.00     0.00
2006 12 14 17 10 00     65.1120     102.300     0.60126     0.00     0.00
2006 12 14 17 30 00     65.1120     102.300     0.52255     0.00     0.00
2006 12 14 17 50 00     65.1120     102.300     0.96820     0.00     0.00
2006 12 14 18 10 00     65.1120     102.300     0.94714     0.00     0.00
2006 12 14 18 30 00     65.1120     102.300     0.71731     0.00     0.00
2006 12 14 18 50 00     65.1120     102.300     0.58062     0.00     0.00
2006 12 14 19 10 00     65.1120     102.300     0.66452     0.00     0.00
2006 12 14 19 30 00     65.1120     102.300     0.47597     0.00     0.00
2006 12 14 19 50 00     65.1120     102.300     0.43882     0.00     0.00
2006 12 14 20 10 00     65.1120     102.300     0.40622     0.00     0.00
2006 12 14 20 30 00     65.1120     102.300     0.49703     0.00     0.00
2006 12 14 20 50 00     65.1120     102.300     0.54387     0.00     0.00
2006 12 14 21 10 00     65.1120     102.300     0.47543     0.00     0.00
2006 12 14 21 30 00     65.1120     102.300     0.81690     0.00     0.00
2006 12 14 21 50 00     65.1120     102.300     1.40079     0.00     0.00
2006 12 14 22 10 00     65.1120     102.300     1.22362     0.00     0.00
2006 12 14 22 30 00     65.1120     102.300     1.16263     0.00     0.00
2006 12 14 22 50 00     65.1120     102.300     1.17978     0.00     0.00
2006 12 14 23 10 00     65.1120     102.300     1.42926     0.00     0.00
2006 12 14 23 30 00     65.1120     102.300     1.02434     0.00     0.00
2006 12 14 23 50 00     65.1120     102.300     1.10396     0.00     0.00
2006 12 15 00 10 00     65.1120     102.300     0.66091     0.00     0.00
2006 12 15 00 30 00     65.1120     102.300     0.50309     0.00     0.00
2006 12 15 00 50 00     65.1120     102.300     0.51126     0.00     0.00
2006 12 15 01 10 00     65.1120     102.300     0.58327     0.00     0.00
2006 12 15 01 30 00     65.1120     102.300     0.51399     0.00     0.00
2006 12 15 01 50 00     65.1120     102.300     0.52368     0.00     0.00
2006 12 15 02 10 00     65.1120     102.300     0.79525     0.00     0.00
2006 12 15 02 30 00     65.1120     102.300     0.61215     0.00     0.00
2006 12 15 02 50 00     65.1120     102.300     0.49550     0.00     0.00
2006 12 15 03 10 00     65.1120     102.300     0.40546     0.00     0.00
2006 12 15 03 30 00     65.1120     102.300     0.34194     0.00     0.00
2006 12 15 03 50 00     65.1120     102.300     0.30567     0.00     0.00
2006 12 15 04 10 00     65.1120     102.300     0.43165     0.00     0.00
2006 12 15 04 30 00     65.1120     102.300     0.29401     0.00     0.00
2006 12 15 04 50 00     65.1120     102.300     0.90308     0.00     0.00
2006 12 15 05 10 00     65.1120     102.300     0.94983     0.00     0.00
2006 12 15 05 30 00     65.1120     102.300     0.58073     0.00     0.00
2006 12 15 05 50 00     65.1120     102.300     0.61621     0.00     0.00
2006 12 15 06 10 00     65.1120     102.300     0.43217     0.00     0.00
2006 12 15 06 30 00     65.1120     102.300     0.25836     0.00     0.00
2006 12 15 06 50 00     65.1120     102.300     0.17977     0.00     0.00
2006 12 15 07 10 00     65.1120     102.300     0.20106     0.00     0.00
2006 12 15 07 30 00     65.1120     102.300     0.41565     0.00     0.00
2006 12 15 07 50 00     65.1120     102.300     0.23143     0.00     0.00
2006 12 15 08 10 00     65.1120     102.300     0.22577     0.00     0.00
2006 12 15 08 30 00     65.1120     102.300     0.20838     0.00     0.00
2006 12 15 08 50 00     65.1120     102.300     0.28579     0.00     0.00
2006 12 15 09 10 00     65.1120     102.300     0.29172     0.00     0.00
2006 12 15 09 30 00     65.1120     102.300     0.30090     0.00     0.00
2006 12 15 09 50 00     65.1120     102.300     0.37824     0.00     0.00
2006 12 15 10 10 00     65.1120     102.300     0.39654     0.00     0.00
2006 12 15 10 30 00     65.1120     102.300     0.21360     0.00     0.00
2006 12 15 10 50 00     65.1120     102.300     0.31538     0.00     0.00
2006 12 15 11 10 00     65.1120     102.300     0.33457     0.00     0.00
2006 12 15 11 30 00     65.1120     102.300     0.51161     0.00     0.00
2006 12 15 11 50 00     65.1120     102.300     0.33528     0.00     0.00
2006 12 15 12 10 00     65.1120     102.300     0.36909     0.00     0.00
2006 12 15 12 30 00     65.1120     102.300     0.25028     0.00     0.00
2006 12 15 12 50 00     65.1120     102.300     0.23796     0.00     0.00
2006 12 15 13 10 00     65.1120     102.300     0.21301     0.00     0.00
2006 12 15 13 30 00     65.1120     102.300     0.16038     0.00     0.00
2006 12 15 13 50 00     65.1120     102.300     0.14779     0.00     0.00
2006 12 15 14 10 00     65.1120     102.300     0.16924     0.00     0.00
2006 12 15 14 30 00     65.1120     102.300     0.11248     0.00     0.00
2006 12 15 14 50 00     65.1120     102.300     0.19647     0.00     0.00
2006 12 15 15 10 00     65.1120     102.300     0.10988     0.00     0.00
2006 12 15 15 30 00     65.1120     102.300     0.09518     0.00     0.00
2006 12 15 15 50 00     65.1120     102.300     0.10830     0.00     0.00
2006 12 15 16 10 00     65.1120     102.300     0.15591     0.00     0.00
2006 12 15 16 30 00     65.1120     102.300     0.14606     0.00     0.00
2006 12 15 16 50 00     65.1120     102.300     0.15757     0.00     0.00
2006 12 15 17 10 00     65.1120     102.300     0.12431     0.00     0.00
2006 12 15 17 30 00     65.1120     102.300     0.12313     0.00     0.00
2006 12 15 17 50 00     65.1120     102.300     0.16493     0.00     0.00
2006 12 15 18 10 00     65.1120     102.300     0.32180     0.00     0.00
2006 12 15 18 30 00     65.1120     102.300     0.29985     0.00     0.00
2006 12 15 18 50 00     65.1120     102.300     0.40148     0.00     0.00
2006 12 15 19 10 00     65.1120     102.300     0.34636     0.00     0.00
2006 12 15 19 30 00     65.1120     102.300     0.18975     0.00     0.00
2006 12 15 19 50 00     65.1120     102.300     0.15681     0.00     0.00
2006 12 15 20 10 00     65.1120     102.300     0.13376     0.00     0.00
2006 12 15 20 30 00     65.1120     102.300     0.30558     0.00     0.00
2006 12 15 20 50 00     65.1120     102.300     0.10692     0.00     0.00
2006 12 15 21 10 00     65.1120     102.300     0.17156     0.00     0.00
2006 12 15 21 30 00     65.1120     102.300     0.17134     0.00     0.00
2006 12 15 21 50 00     65.1120     102.300     0.13592     0.00     0.00
2006 12 15 22 10 00     65.1120     102.300     0.16385     0.00     0.00
2006 12 15 22 30 00     65.1120     102.300     0.22503     0.00     0.00
2006 12 15 22 50 00     65.1120     102.300     0.35332     0.00     0.00
2006 12 15 23 10 00     65.1120     102.300     0.26413     0.00     0.00
2006 12 15 23 30 00     65.1120     102.300     0.14632     0.00     0.00
2006 12 15 23 50 00     65.1120     102.300     0.13312     0.00     0.00
