# run: Median_20230714
# model: Median
# Shielding angle [deg.]:      -90.0000
# North, East and vertical components of magnetic field
# Station: WNG
#Position (GEO): lon=       18.240 lat=      68.3560
Year Month Day Hour Min Sec GeomagLat GeomagLon dBdt_Horizontal
[year] [month] [day] [hour] [min] [s] [deg] [deg] [nT/s] [nT/s] [nT/s]
2011 08 05 09 10 00     65.1120     102.300     0.00940     0.00     0.00
2011 08 05 09 30 00     65.1120     102.300     0.00912     0.00     0.00
2011 08 05 09 50 00     65.1120     102.300     0.01267     0.00     0.00
2011 08 05 10 10 00     65.1120     102.300     0.01165     0.00     0.00
2011 08 05 10 30 00     65.1120     102.300     0.00825     0.00     0.00
2011 08 05 10 50 00     65.1120     102.300     0.01400     0.00     0.00
2011 08 05 11 10 00     65.1120     102.300     0.00799     0.00     0.00
2011 08 05 11 30 00     65.1120     102.300     0.00694     0.00     0.00
2011 08 05 11 50 00     65.1120     102.300     0.00803     0.00     0.00
2011 08 05 12 10 00     65.1120     102.300     0.01312     0.00     0.00
2011 08 05 12 30 00     65.1120     102.300     0.02104     0.00     0.00
2011 08 05 12 50 00     65.1120     102.300     0.01014     0.00     0.00
2011 08 05 13 10 00     65.1120     102.300     0.01931     0.00     0.00
2011 08 05 13 30 00     65.1120     102.300     0.02374     0.00     0.00
2011 08 05 13 50 00     65.1120     102.300     0.01844     0.00     0.00
2011 08 05 14 10 00     65.1120     102.300     0.01477     0.00     0.00
2011 08 05 14 30 00     65.1120     102.300     0.01919     0.00     0.00
2011 08 05 14 50 00     65.1120     102.300     0.02034     0.00     0.00
2011 08 05 15 10 00     65.1120     102.300     0.01481     0.00     0.00
2011 08 05 15 30 00     65.1120     102.300     0.02011     0.00     0.00
2011 08 05 15 50 00     65.1120     102.300     0.02347     0.00     0.00
2011 08 05 16 10 00     65.1120     102.300     0.01902     0.00     0.00
2011 08 05 16 30 00     65.1120     102.300     0.02724     0.00     0.00
2011 08 05 16 50 00     65.1120     102.300     0.03017     0.00     0.00
2011 08 05 17 10 00     65.1120     102.300     0.02901     0.00     0.00
2011 08 05 17 30 00     65.1120     102.300     0.01567     0.00     0.00
2011 08 05 17 50 00     65.1120     102.300     0.01180     0.00     0.00
2011 08 05 18 10 00     65.1120     102.300     0.02588     0.00     0.00
2011 08 05 18 30 00     65.1120     102.300     0.14694     0.00     0.00
2011 08 05 18 50 00     65.1120     102.300     0.07562     0.00     0.00
2011 08 05 19 10 00     65.1120     102.300     0.08159     0.00     0.00
2011 08 05 19 30 00     65.1120     102.300     0.38706     0.00     0.00
2011 08 05 19 50 00     65.1120     102.300     0.20570     0.00     0.00
2011 08 05 20 10 00     65.1120     102.300     0.26194     0.00     0.00
2011 08 05 20 30 00     65.1120     102.300     0.30642     0.00     0.00
2011 08 05 20 50 00     65.1120     102.300     0.28406     0.00     0.00
2011 08 05 21 10 00     65.1120     102.300     0.17710     0.00     0.00
2011 08 05 21 30 00     65.1120     102.300     0.17496     0.00     0.00
2011 08 05 21 50 00     65.1120     102.300     0.15106     0.00     0.00
2011 08 05 22 10 00     65.1120     102.300     0.15551     0.00     0.00
2011 08 05 22 30 00     65.1120     102.300     0.12349     0.00     0.00
2011 08 05 22 50 00     65.1120     102.300     0.13402     0.00     0.00
2011 08 05 23 10 00     65.1120     102.300     0.20376     0.00     0.00
2011 08 05 23 30 00     65.1120     102.300     0.10197     0.00     0.00
2011 08 05 23 50 00     65.1120     102.300     0.11922     0.00     0.00
2011 08 06 00 10 00     65.1120     102.300     0.11292     0.00     0.00
2011 08 06 00 30 00     65.1120     102.300     nan     0.00     0.00
2011 08 06 00 50 00     65.1120     102.300     0.11091     0.00     0.00
2011 08 06 01 10 00     65.1120     102.300     0.13647     0.00     0.00
2011 08 06 01 30 00     65.1120     102.300     0.09372     0.00     0.00
2011 08 06 01 50 00     65.1120     102.300     0.07085     0.00     0.00
2011 08 06 02 10 00     65.1120     102.300     0.06125     0.00     0.00
2011 08 06 02 30 00     65.1120     102.300     0.08969     0.00     0.00
2011 08 06 02 50 00     65.1120     102.300     0.07027     0.00     0.00
2011 08 06 03 10 00     65.1120     102.300     0.04793     0.00     0.00
2011 08 06 03 30 00     65.1120     102.300     0.07637     0.00     0.00
2011 08 06 03 50 00     65.1120     102.300     0.05520     0.00     0.00
2011 08 06 04 10 00     65.1120     102.300     0.03805     0.00     0.00
2011 08 06 04 30 00     65.1120     102.300     0.05082     0.00     0.00
2011 08 06 04 50 00     65.1120     102.300     0.04138     0.00     0.00
2011 08 06 05 10 00     65.1120     102.300     0.08692     0.00     0.00
2011 08 06 05 30 00     65.1120     102.300     0.08020     0.00     0.00
2011 08 06 05 50 00     65.1120     102.300     0.13671     0.00     0.00
2011 08 06 06 10 00     65.1120     102.300     0.11261     0.00     0.00
2011 08 06 06 30 00     65.1120     102.300     0.18901     0.00     0.00
2011 08 06 06 50 00     65.1120     102.300     0.20359     0.00     0.00
2011 08 06 07 10 00     65.1120     102.300     0.14126     0.00     0.00
2011 08 06 07 30 00     65.1120     102.300     0.14510     0.00     0.00
2011 08 06 07 50 00     65.1120     102.300     0.11163     0.00     0.00
2011 08 06 08 10 00     65.1120     102.300     0.16576     0.00     0.00
2011 08 06 08 30 00     65.1120     102.300     0.08769     0.00     0.00
2011 08 06 08 50 00     65.1120     102.300     0.12965     0.00     0.00
