# run: Mean_20230628
# model: Mean
# Shielding angle [deg.]:      -90.0000
# North, East and vertical components of magnetic field
# Station: OTT
#Position (GEO): lon=       284.447 lat=      45.4030
Year Month Day Hour Min Sec GeomagLat GeomagLon dBdt_Horizonatl
[year] [month] [day] [hour] [min] [s] [deg] [deg] [nT/s]

2010 04 05 00 10 00     56.326     0.748     0.09768
2010 04 05 00 30 00     56.326     0.748     0.05571
2010 04 05 00 50 00     56.326     0.748     0.07627
2010 04 05 01 10 00     56.326     0.748     0.06588
2010 04 05 01 30 00     56.326     0.748     0.05378
2010 04 05 01 50 00     56.326     0.748     0.06714
2010 04 05 02 10 00     56.326     0.748     0.06126
2010 04 05 02 30 00     56.326     0.748     0.05254
2010 04 05 02 50 00     56.326     0.748     0.07683
2010 04 05 03 10 00     56.326     0.748     0.05005
2010 04 05 03 30 00     56.326     0.748     0.06001
2010 04 05 03 50 00     56.326     0.748     0.05582
2010 04 05 04 10 00     56.326     0.748     0.08289
2010 04 05 04 30 00     56.326     0.748     0.04843
2010 04 05 04 50 00     56.326     0.748     0.03851
2010 04 05 05 10 00     56.326     0.748     0.04915
2010 04 05 05 30 00     56.326     0.748     0.06759
2010 04 05 05 50 00     56.326     0.748     0.05203
2010 04 05 06 10 00     56.326     0.748     0.03168
2010 04 05 06 30 00     56.326     0.748     0.05588
2010 04 05 06 50 00     56.326     0.748     0.03891
2010 04 05 07 10 00     56.326     0.748     0.04892
2010 04 05 07 30 00     56.326     0.748     0.05021
2010 04 05 07 50 00     56.326     0.748     0.04993
2010 04 05 08 10 00     56.326     0.748     0.10154
2010 04 05 08 30 00     56.326     0.748     0.30981
2010 04 05 08 50 00     56.326     0.748     0.39620
2010 04 05 09 10 00     56.326     0.748     0.21585
2010 04 05 09 30 00     56.326     0.748     0.28372
2010 04 05 09 50 00     56.326     0.748     0.28814
2010 04 05 10 10 00     56.326     0.748     0.51469
2010 04 05 10 30 00     56.326     0.748     0.27366
2010 04 05 10 50 00     56.326     0.748     0.20205
2010 04 05 11 10 00     56.326     0.748     0.15667
2010 04 05 11 30 00     56.326     0.748     0.17727
2010 04 05 11 50 00     56.326     0.748     0.12824
2010 04 05 12 10 00     56.326     0.748     0.23012
2010 04 05 12 30 00     56.326     0.748     0.26349
2010 04 05 12 50 00     56.326     0.748     0.31679
2010 04 05 13 10 00     56.326     0.748     0.54163
2010 04 05 13 30 00     56.326     0.748     0.29156
2010 04 05 13 50 00     56.326     0.748     0.33902
2010 04 05 14 10 00     56.326     0.748     0.29284
2010 04 05 14 30 00     56.326     0.748     0.17217
2010 04 05 14 50 00     56.326     0.748     0.22785
2010 04 05 15 10 00     56.326     0.748     0.17677
2010 04 05 15 30 00     56.326     0.748     0.20397
2010 04 05 15 50 00     56.326     0.748     0.16389
2010 04 05 16 10 00     56.326     0.748     0.08897
2010 04 05 16 30 00     56.326     0.748     0.12088
2010 04 05 16 50 00     56.326     0.748     0.11583
2010 04 05 17 10 00     56.326     0.748     0.10465
2010 04 05 17 30 00     56.326     0.748     0.05260
2010 04 05 17 50 00     56.326     0.748     0.09533
2010 04 05 18 10 00     56.326     0.748     0.09087
2010 04 05 18 30 00     56.326     0.748     0.08990
2010 04 05 18 50 00     56.326     0.748     0.11573
2010 04 05 19 10 00     56.326     0.748     0.06329
2010 04 05 19 30 00     56.326     0.748     0.05205
2010 04 05 19 50 00     56.326     0.748     0.05788
2010 04 05 20 10 00     56.326     0.748     0.08497
2010 04 05 20 30 00     56.326     0.748     0.10772
2010 04 05 20 50 00     56.326     0.748     0.10782
2010 04 05 21 10 00     56.326     0.748     0.08610
2010 04 05 21 30 00     56.326     0.748     0.08084
2010 04 05 21 50 00     56.326     0.748     0.08140
2010 04 05 22 10 00     56.326     0.748     0.09824
2010 04 05 22 30 00     56.326     0.748     0.10697
2010 04 05 22 50 00     56.326     0.748     0.07909
2010 04 05 23 10 00     56.326     0.748     0.08029
2010 04 05 23 30 00     56.326     0.748     0.08731
2010 04 05 23 50 00     56.326     0.748     0.10091
