# run: Mean_20230628
# model: Mean
# Shielding angle [deg.]:      -90.0000
# North, East and vertical components of magnetic field
# Station: ABK
#Position (GEO): lon=       18.8240 lat=      68.3560
Year Month Day Hour Min Sec GeomagLat GeomagLon dBdt_Horizonatl
[year] [month] [day] [hour] [min] [s] [deg] [deg] [nT/s]

2003 10 29 06 10 00     65.112     102.308     3.94459
2003 10 29 06 30 00     65.112     102.308     5.14904
2003 10 29 06 50 00     65.112     102.308     13.20798
2003 10 29 07 10 00     65.112     102.308     9.13746
2003 10 29 07 30 00     65.112     102.308     5.70269
2003 10 29 07 50 00     65.112     102.308     3.82623
2003 10 29 08 10 00     65.112     102.308     2.99512
2003 10 29 08 30 00     65.112     102.308     1.57917
2003 10 29 08 50 00     65.112     102.308     3.96725
2003 10 29 09 10 00     65.112     102.308     4.10493
2003 10 29 09 30 00     65.112     102.308     1.82154
2003 10 29 09 50 00     65.112     102.308     0.97353
2003 10 29 10 10 00     65.112     102.308     1.02061
2003 10 29 10 30 00     65.112     102.308     7.74928
2003 10 29 10 50 00     65.112     102.308     1.98009
2003 10 29 11 10 00     65.112     102.308     1.53878
2003 10 29 11 30 00     65.112     102.308     1.63103
2003 10 29 11 50 00     65.112     102.308     0.90724
2003 10 29 12 10 00     65.112     102.308     1.23508
2003 10 29 12 30 00     65.112     102.308     1.34218
2003 10 29 12 50 00     65.112     102.308     0.78676
2003 10 29 13 10 00     65.112     102.308     0.63992
2003 10 29 13 30 00     65.112     102.308     0.97921
2003 10 29 13 50 00     65.112     102.308     1.17370
2003 10 29 14 10 00     65.112     102.308     0.84903
2003 10 29 14 30 00     65.112     102.308     0.78821
2003 10 29 14 50 00     65.112     102.308     0.76891
2003 10 29 15 10 00     65.112     102.308     0.69003
2003 10 29 15 30 00     65.112     102.308     0.86059
2003 10 29 15 50 00     65.112     102.308     0.79418
2003 10 29 16 10 00     65.112     102.308     0.49748
2003 10 29 16 30 00     65.112     102.308     0.55746
2003 10 29 16 50 00     65.112     102.308     0.62378
2003 10 29 17 10 00     65.112     102.308     0.87787
2003 10 29 17 30 00     65.112     102.308     0.80578
2003 10 29 17 50 00     65.112     102.308     1.37491
2003 10 29 18 10 00     65.112     102.308     1.37273
2003 10 29 18 30 00     65.112     102.308     1.61748
2003 10 29 18 50 00     65.112     102.308     1.11405
2003 10 29 19 10 00     65.112     102.308     1.55344
2003 10 29 19 30 00     65.112     102.308     2.15249
2003 10 29 19 50 00     65.112     102.308     1.17081
2003 10 29 20 10 00     65.112     102.308     2.55878
2003 10 29 20 30 00     65.112     102.308     3.00308
2003 10 29 20 50 00     65.112     102.308     0.93636
2003 10 29 21 10 00     65.112     102.308     1.31965
2003 10 29 21 30 00     65.112     102.308     1.10577
2003 10 29 21 50 00     65.112     102.308     1.52498
2003 10 29 22 10 00     65.112     102.308     1.47514
2003 10 29 22 30 00     65.112     102.308     1.49518
2003 10 29 22 50 00     65.112     102.308     1.33985
2003 10 29 23 10 00     65.112     102.308     1.94227
2003 10 29 23 30 00     65.112     102.308     2.65327
2003 10 29 23 50 00     65.112     102.308     1.70154
2003 10 30 00 10 00     65.112     102.308     1.30708
2003 10 30 00 30 00     65.112     102.308     1.50096
2003 10 30 00 50 00     65.112     102.308     1.32770
2003 10 30 01 10 00     65.112     102.308     1.77681
2003 10 30 01 30 00     65.112     102.308     0.97691
2003 10 30 01 50 00     65.112     102.308     1.39717
2003 10 30 02 10 00     65.112     102.308     1.66267
2003 10 30 02 30 00     65.112     102.308     1.07943
2003 10 30 02 50 00     65.112     102.308     1.86168
2003 10 30 03 10 00     65.112     102.308     1.65192
2003 10 30 03 30 00     65.112     102.308     0.95449
2003 10 30 03 50 00     65.112     102.308     0.58350
2003 10 30 04 10 00     65.112     102.308     0.49603
2003 10 30 04 30 00     65.112     102.308     0.82391
2003 10 30 04 50 00     65.112     102.308     0.43558
2003 10 30 05 10 00     65.112     102.308     1.72047
2003 10 30 05 30 00     65.112     102.308     1.60050
2003 10 30 05 50 00     65.112     102.308     0.64469
