# run: Median_20230628
# model: Median
# Shielding angle [deg.]:      -90.0000
# North, East and vertical components of magnetic field
# Station: NEW
#Position (GEO): lon=       242.880 lat=      48.2710
Year Month Day Hour Min Sec GeomagLat GeomagLon dBdt_Horizonatl
[year] [month] [day] [hour] [min] [s] [deg] [deg] [nT/s]

2010 04 05 00 10 00     55.049     302.696     0.10385
2010 04 05 00 30 00     55.049     302.696     0.04725
2010 04 05 00 50 00     55.049     302.696     0.10139
2010 04 05 01 10 00     55.049     302.696     0.05269
2010 04 05 01 30 00     55.049     302.696     0.04314
2010 04 05 01 50 00     55.049     302.696     0.07940
2010 04 05 02 10 00     55.049     302.696     0.09196
2010 04 05 02 30 00     55.049     302.696     0.05525
2010 04 05 02 50 00     55.049     302.696     0.07729
2010 04 05 03 10 00     55.049     302.696     0.09285
2010 04 05 03 30 00     55.049     302.696     0.05213
2010 04 05 03 50 00     55.049     302.696     0.06338
2010 04 05 04 10 00     55.049     302.696     0.05251
2010 04 05 04 30 00     55.049     302.696     0.03655
2010 04 05 04 50 00     55.049     302.696     0.04890
2010 04 05 05 10 00     55.049     302.696     0.04789
2010 04 05 05 30 00     55.049     302.696     0.04120
2010 04 05 05 50 00     55.049     302.696     0.05136
2010 04 05 06 10 00     55.049     302.696     0.03601
2010 04 05 06 30 00     55.049     302.696     0.02753
2010 04 05 06 50 00     55.049     302.696     0.03392
2010 04 05 07 10 00     55.049     302.696     0.04335
2010 04 05 07 30 00     55.049     302.696     0.05462
2010 04 05 07 50 00     55.049     302.696     0.09137
2010 04 05 08 10 00     55.049     302.696     0.07105
2010 04 05 08 30 00     55.049     302.696     0.31747
2010 04 05 08 50 00     55.049     302.696     0.38078
2010 04 05 09 10 00     55.049     302.696     0.20917
2010 04 05 09 30 00     55.049     302.696     0.18710
2010 04 05 09 50 00     55.049     302.696     0.24425
2010 04 05 10 10 00     55.049     302.696     0.53295
2010 04 05 10 30 00     55.049     302.696     0.46804
2010 04 05 10 50 00     55.049     302.696     0.24491
2010 04 05 11 10 00     55.049     302.696     0.18581
2010 04 05 11 30 00     55.049     302.696     0.14870
2010 04 05 11 50 00     55.049     302.696     0.16932
2010 04 05 12 10 00     55.049     302.696     0.09824
2010 04 05 12 30 00     55.049     302.696     0.18821
2010 04 05 12 50 00     55.049     302.696     0.35822
2010 04 05 13 10 00     55.049     302.696     0.26024
2010 04 05 13 30 00     55.049     302.696     0.15763
2010 04 05 13 50 00     55.049     302.696     0.18485
2010 04 05 14 10 00     55.049     302.696     0.20838
2010 04 05 14 30 00     55.049     302.696     0.09285
2010 04 05 14 50 00     55.049     302.696     0.23696
2010 04 05 15 10 00     55.049     302.696     0.14657
2010 04 05 15 30 00     55.049     302.696     0.16858
2010 04 05 15 50 00     55.049     302.696     0.19806
2010 04 05 16 10 00     55.049     302.696     0.19557
2010 04 05 16 30 00     55.049     302.696     0.14338
2010 04 05 16 50 00     55.049     302.696     0.18874
2010 04 05 17 10 00     55.049     302.696     0.14821
2010 04 05 17 30 00     55.049     302.696     0.08141
2010 04 05 17 50 00     55.049     302.696     0.14009
2010 04 05 18 10 00     55.049     302.696     0.18256
2010 04 05 18 30 00     55.049     302.696     0.16918
2010 04 05 18 50 00     55.049     302.696     0.18164
2010 04 05 19 10 00     55.049     302.696     0.04187
2010 04 05 19 30 00     55.049     302.696     0.03456
2010 04 05 19 50 00     55.049     302.696     0.05452
2010 04 05 20 10 00     55.049     302.696     0.06690
2010 04 05 20 30 00     55.049     302.696     0.04220
2010 04 05 20 50 00     55.049     302.696     0.03444
2010 04 05 21 10 00     55.049     302.696     0.04098
2010 04 05 21 30 00     55.049     302.696     0.04862
2010 04 05 21 50 00     55.049     302.696     0.03803
2010 04 05 22 10 00     55.049     302.696     0.05562
2010 04 05 22 30 00     55.049     302.696     0.07128
2010 04 05 22 50 00     55.049     302.696     0.06190
2010 04 05 23 10 00     55.049     302.696     0.06846
2010 04 05 23 30 00     55.049     302.696     0.06213
2010 04 05 23 50 00     55.049     302.696     0.10561
