# run: Median_20230628
# model: Median
# Shielding angle [deg.]:      -90.0000
# North, East and vertical components of magnetic field
# Station: OTT
#Position (GEO): lon=       284.447 lat=      45.4030
Year Month Day Hour Min Sec GeomagLat GeomagLon dBdt_Horizonatl
[year] [month] [day] [hour] [min] [s] [deg] [deg] [nT/s]

2010 04 05 00 10 00     56.326     0.748     0.11015
2010 04 05 00 30 00     56.326     0.748     0.04557
2010 04 05 00 50 00     56.326     0.748     0.08453
2010 04 05 01 10 00     56.326     0.748     0.06853
2010 04 05 01 30 00     56.326     0.748     0.06042
2010 04 05 01 50 00     56.326     0.748     0.04861
2010 04 05 02 10 00     56.326     0.748     0.03358
2010 04 05 02 30 00     56.326     0.748     0.04621
2010 04 05 02 50 00     56.326     0.748     0.07501
2010 04 05 03 10 00     56.326     0.748     0.04613
2010 04 05 03 30 00     56.326     0.748     0.05615
2010 04 05 03 50 00     56.326     0.748     0.04816
2010 04 05 04 10 00     56.326     0.748     0.06168
2010 04 05 04 30 00     56.326     0.748     0.05400
2010 04 05 04 50 00     56.326     0.748     0.04113
2010 04 05 05 10 00     56.326     0.748     0.05120
2010 04 05 05 30 00     56.326     0.748     0.06626
2010 04 05 05 50 00     56.326     0.748     0.05423
2010 04 05 06 10 00     56.326     0.748     0.02804
2010 04 05 06 30 00     56.326     0.748     0.02993
2010 04 05 06 50 00     56.326     0.748     0.02915
2010 04 05 07 10 00     56.326     0.748     0.03536
2010 04 05 07 30 00     56.326     0.748     0.04532
2010 04 05 07 50 00     56.326     0.748     0.03481
2010 04 05 08 10 00     56.326     0.748     0.07173
2010 04 05 08 30 00     56.326     0.748     0.41496
2010 04 05 08 50 00     56.326     0.748     0.28066
2010 04 05 09 10 00     56.326     0.748     0.24374
2010 04 05 09 30 00     56.326     0.748     0.30890
2010 04 05 09 50 00     56.326     0.748     0.21659
2010 04 05 10 10 00     56.326     0.748     0.34221
2010 04 05 10 30 00     56.326     0.748     0.20360
2010 04 05 10 50 00     56.326     0.748     0.10447
2010 04 05 11 10 00     56.326     0.748     0.12089
2010 04 05 11 30 00     56.326     0.748     0.18943
2010 04 05 11 50 00     56.326     0.748     0.12591
2010 04 05 12 10 00     56.326     0.748     0.18782
2010 04 05 12 30 00     56.326     0.748     0.28608
2010 04 05 12 50 00     56.326     0.748     0.31742
2010 04 05 13 10 00     56.326     0.748     0.52136
2010 04 05 13 30 00     56.326     0.748     0.25302
2010 04 05 13 50 00     56.326     0.748     0.42947
2010 04 05 14 10 00     56.326     0.748     0.27157
2010 04 05 14 30 00     56.326     0.748     0.18196
2010 04 05 14 50 00     56.326     0.748     0.25627
2010 04 05 15 10 00     56.326     0.748     0.15341
2010 04 05 15 30 00     56.326     0.748     0.23761
2010 04 05 15 50 00     56.326     0.748     0.13126
2010 04 05 16 10 00     56.326     0.748     0.10012
2010 04 05 16 30 00     56.326     0.748     0.09233
2010 04 05 16 50 00     56.326     0.748     0.09854
2010 04 05 17 10 00     56.326     0.748     0.08443
2010 04 05 17 30 00     56.326     0.748     0.03932
2010 04 05 17 50 00     56.326     0.748     0.08968
2010 04 05 18 10 00     56.326     0.748     0.12497
2010 04 05 18 30 00     56.326     0.748     0.07328
2010 04 05 18 50 00     56.326     0.748     0.13144
2010 04 05 19 10 00     56.326     0.748     0.05883
2010 04 05 19 30 00     56.326     0.748     0.05721
2010 04 05 19 50 00     56.326     0.748     0.05501
2010 04 05 20 10 00     56.326     0.748     0.07717
2010 04 05 20 30 00     56.326     0.748     0.11283
2010 04 05 20 50 00     56.326     0.748     0.11610
2010 04 05 21 10 00     56.326     0.748     0.08763
2010 04 05 21 30 00     56.326     0.748     0.08299
2010 04 05 21 50 00     56.326     0.748     0.09097
2010 04 05 22 10 00     56.326     0.748     0.08968
2010 04 05 22 30 00     56.326     0.748     0.10193
2010 04 05 22 50 00     56.326     0.748     0.10143
2010 04 05 23 10 00     56.326     0.748     0.11383
2010 04 05 23 30 00     56.326     0.748     0.08118
2010 04 05 23 50 00     56.326     0.748     0.12906
