# run: Median_20230628
# model: Median
# Shielding angle [deg.]:      -90.0000
# North, East and vertical components of magnetic field
# Station: WNG
#Position (GEO): lon=       9.07300 lat=      53.7430
Year Month Day Hour Min Sec GeomagLat GeomagLon dBdt_Horizonatl
[year] [month] [day] [hour] [min] [s] [deg] [deg] [nT/s]

2010 04 05 00 10 00     50.166     86.996     0.04620
2010 04 05 00 30 00     50.166     86.996     0.03667
2010 04 05 00 50 00     50.166     86.996     0.03021
2010 04 05 01 10 00     50.166     86.996     0.02753
2010 04 05 01 30 00     50.166     86.996     0.03640
2010 04 05 01 50 00     50.166     86.996     0.03000
2010 04 05 02 10 00     50.166     86.996     0.03819
2010 04 05 02 30 00     50.166     86.996     0.02747
2010 04 05 02 50 00     50.166     86.996     0.03163
2010 04 05 03 10 00     50.166     86.996     0.03804
2010 04 05 03 30 00     50.166     86.996     0.03755
2010 04 05 03 50 00     50.166     86.996     0.03442
2010 04 05 04 10 00     50.166     86.996     0.04406
2010 04 05 04 30 00     50.166     86.996     0.03309
2010 04 05 04 50 00     50.166     86.996     0.03711
2010 04 05 05 10 00     50.166     86.996     0.06593
2010 04 05 05 30 00     50.166     86.996     0.06342
2010 04 05 05 50 00     50.166     86.996     0.07266
2010 04 05 06 10 00     50.166     86.996     0.03205
2010 04 05 06 30 00     50.166     86.996     0.03892
2010 04 05 06 50 00     50.166     86.996     0.02985
2010 04 05 07 10 00     50.166     86.996     0.07333
2010 04 05 07 30 00     50.166     86.996     0.09509
2010 04 05 07 50 00     50.166     86.996     0.04551
2010 04 05 08 10 00     50.166     86.996     0.06906
2010 04 05 08 30 00     50.166     86.996     0.86181
2010 04 05 08 50 00     50.166     86.996     0.33186
2010 04 05 09 10 00     50.166     86.996     0.20350
2010 04 05 09 30 00     50.166     86.996     0.35645
2010 04 05 09 50 00     50.166     86.996     0.26868
2010 04 05 10 10 00     50.166     86.996     0.54478
2010 04 05 10 30 00     50.166     86.996     0.16322
2010 04 05 10 50 00     50.166     86.996     0.10394
2010 04 05 11 10 00     50.166     86.996     0.09456
2010 04 05 11 30 00     50.166     86.996     0.13579
2010 04 05 11 50 00     50.166     86.996     0.10800
2010 04 05 12 10 00     50.166     86.996     0.07657
2010 04 05 12 30 00     50.166     86.996     0.17355
2010 04 05 12 50 00     50.166     86.996     0.22838
2010 04 05 13 10 00     50.166     86.996     0.34633
2010 04 05 13 30 00     50.166     86.996     0.19014
2010 04 05 13 50 00     50.166     86.996     0.21799
2010 04 05 14 10 00     50.166     86.996     0.29363
2010 04 05 14 30 00     50.166     86.996     0.11207
2010 04 05 14 50 00     50.166     86.996     0.17414
2010 04 05 15 10 00     50.166     86.996     0.20198
2010 04 05 15 30 00     50.166     86.996     0.20986
2010 04 05 15 50 00     50.166     86.996     0.25088
2010 04 05 16 10 00     50.166     86.996     0.11350
2010 04 05 16 30 00     50.166     86.996     0.15892
2010 04 05 16 50 00     50.166     86.996     0.16330
2010 04 05 17 10 00     50.166     86.996     0.13259
2010 04 05 17 30 00     50.166     86.996     0.11172
2010 04 05 17 50 00     50.166     86.996     0.12760
2010 04 05 18 10 00     50.166     86.996     0.13171
2010 04 05 18 30 00     50.166     86.996     0.17087
2010 04 05 18 50 00     50.166     86.996     0.12593
2010 04 05 19 10 00     50.166     86.996     0.07030
2010 04 05 19 30 00     50.166     86.996     0.06300
2010 04 05 19 50 00     50.166     86.996     0.06102
2010 04 05 20 10 00     50.166     86.996     0.05294
2010 04 05 20 30 00     50.166     86.996     0.07003
2010 04 05 20 50 00     50.166     86.996     0.07412
2010 04 05 21 10 00     50.166     86.996     0.06274
2010 04 05 21 30 00     50.166     86.996     0.04688
2010 04 05 21 50 00     50.166     86.996     0.05347
2010 04 05 22 10 00     50.166     86.996     0.06206
2010 04 05 22 30 00     50.166     86.996     0.06695
2010 04 05 22 50 00     50.166     86.996     0.08194
2010 04 05 23 10 00     50.166     86.996     0.04649
2010 04 05 23 30 00     50.166     86.996     0.05306
2010 04 05 23 50 00     50.166     86.996     0.08300
