# run: Mean_20230628
# model: Mean
# Shielding angle [deg.]:      -90.0000
# North, East and vertical components of magnetic field
# Station: NEW
#Position (GEO): lon=       242.518 lat=      48.2710
Year Month Day Hour Min Sec GeomagLat GeomagLon dBdt_Horizonatl
[year] [month] [day] [hour] [min] [s] [deg] [deg] [nT/s]

2001 08 31 00 10 00     55.049     302.696     0.01611
2001 08 31 00 30 00     55.049     302.696     0.01948
2001 08 31 00 50 00     55.049     302.696     0.01770
2001 08 31 01 10 00     55.049     302.696     0.02487
2001 08 31 01 30 00     55.049     302.696     0.03197
2001 08 31 01 50 00     55.049     302.696     0.06300
2001 08 31 02 10 00     55.049     302.696     0.03749
2001 08 31 02 30 00     55.049     302.696     0.03708
2001 08 31 02 50 00     55.049     302.696     0.03941
2001 08 31 03 10 00     55.049     302.696     0.04474
2001 08 31 03 30 00     55.049     302.696     0.03602
2001 08 31 03 50 00     55.049     302.696     0.03617
2001 08 31 04 10 00     55.049     302.696     0.03544
2001 08 31 04 30 00     55.049     302.696     0.03712
2001 08 31 04 50 00     55.049     302.696     0.02708
2001 08 31 05 10 00     55.049     302.696     0.02307
2001 08 31 05 30 00     55.049     302.696     0.03578
2001 08 31 05 50 00     55.049     302.696     0.03117
2001 08 31 06 10 00     55.049     302.696     0.04307
2001 08 31 06 30 00     55.049     302.696     0.04226
2001 08 31 06 50 00     55.049     302.696     0.04252
2001 08 31 07 10 00     55.049     302.696     0.03850
2001 08 31 07 30 00     55.049     302.696     0.03942
2001 08 31 07 50 00     55.049     302.696     0.03885
2001 08 31 08 10 00     55.049     302.696     0.04574
2001 08 31 08 30 00     55.049     302.696     0.05986
2001 08 31 08 50 00     55.049     302.696     0.05772
2001 08 31 09 10 00     55.049     302.696     0.05108
2001 08 31 09 30 00     55.049     302.696     0.05829
2001 08 31 09 50 00     55.049     302.696     0.06922
2001 08 31 10 10 00     55.049     302.696     0.04651
2001 08 31 10 30 00     55.049     302.696     0.08590
2001 08 31 10 50 00     55.049     302.696     0.07060
2001 08 31 11 10 00     55.049     302.696     0.07564
2001 08 31 11 30 00     55.049     302.696     0.02876
2001 08 31 11 50 00     55.049     302.696     0.03149
2001 08 31 12 10 00     55.049     302.696     0.03708
2001 08 31 12 30 00     55.049     302.696     0.03868
2001 08 31 12 50 00     55.049     302.696     0.03008
2001 08 31 13 10 00     55.049     302.696     0.03576
2001 08 31 13 30 00     55.049     302.696     0.02122
2001 08 31 13 50 00     55.049     302.696     0.01008
2001 08 31 14 10 00     55.049     302.696     0.01095
2001 08 31 14 30 00     55.049     302.696     0.01331
2001 08 31 14 50 00     55.049     302.696     0.01740
2001 08 31 15 10 00     55.049     302.696     0.01792
2001 08 31 15 30 00     55.049     302.696     0.01640
2001 08 31 15 50 00     55.049     302.696     0.02721
2001 08 31 16 10 00     55.049     302.696     0.02481
2001 08 31 16 30 00     55.049     302.696     0.03853
2001 08 31 16 50 00     55.049     302.696     0.06684
2001 08 31 17 10 00     55.049     302.696     0.08806
2001 08 31 17 30 00     55.049     302.696     0.08007
2001 08 31 17 50 00     55.049     302.696     0.06136
2001 08 31 18 10 00     55.049     302.696     0.02640
2001 08 31 18 30 00     55.049     302.696     0.02222
2001 08 31 18 50 00     55.049     302.696     0.03230
2001 08 31 19 10 00     55.049     302.696     0.02912
2001 08 31 19 30 00     55.049     302.696     0.03018
2001 08 31 19 50 00     55.049     302.696     0.02115
2001 08 31 20 10 00     55.049     302.696     0.02205
2001 08 31 20 30 00     55.049     302.696     0.01712
2001 08 31 20 50 00     55.049     302.696     0.02177
2001 08 31 21 10 00     55.049     302.696     0.02100
2001 08 31 21 30 00     55.049     302.696     0.02006
2001 08 31 21 50 00     55.049     302.696     0.02364
2001 08 31 22 10 00     55.049     302.696     0.02386
2001 08 31 22 30 00     55.049     302.696     0.04312
2001 08 31 22 50 00     55.049     302.696     0.03243
2001 08 31 23 10 00     55.049     302.696     0.02803
2001 08 31 23 30 00     55.049     302.696     0.02168
2001 08 31 23 50 00     55.049     302.696     0.02293
