# run: Mean_20230628
# model: Mean
# Shielding angle [deg.]:      -90.0000
# North, East and vertical components of magnetic field
# Station: PBQ
#Position (GEO): lon=       282.255 lat=      55.2780
Year Month Day Hour Min Sec GeomagLat GeomagLon dBdt_Horizonatl
[year] [month] [day] [hour] [min] [s] [deg] [deg] [nT/s]

2001 08 31 00 10 00     66.108     358.408     0.03164
2001 08 31 00 30 00     66.108     358.408     0.03580
2001 08 31 00 50 00     66.108     358.408     0.02834
2001 08 31 01 10 00     66.108     358.408     0.03986
2001 08 31 01 30 00     66.108     358.408     0.06981
2001 08 31 01 50 00     66.108     358.408     0.08777
2001 08 31 02 10 00     66.108     358.408     0.08257
2001 08 31 02 30 00     66.108     358.408     0.06838
2001 08 31 02 50 00     66.108     358.408     0.06901
2001 08 31 03 10 00     66.108     358.408     0.06826
2001 08 31 03 30 00     66.108     358.408     0.06178
2001 08 31 03 50 00     66.108     358.408     0.08753
2001 08 31 04 10 00     66.108     358.408     0.07577
2001 08 31 04 30 00     66.108     358.408     0.07027
2001 08 31 04 50 00     66.108     358.408     0.08277
2001 08 31 05 10 00     66.108     358.408     0.06913
2001 08 31 05 30 00     66.108     358.408     0.06087
2001 08 31 05 50 00     66.108     358.408     0.07461
2001 08 31 06 10 00     66.108     358.408     0.06312
2001 08 31 06 30 00     66.108     358.408     0.10902
2001 08 31 06 50 00     66.108     358.408     0.07811
2001 08 31 07 10 00     66.108     358.408     0.08774
2001 08 31 07 30 00     66.108     358.408     0.07100
2001 08 31 07 50 00     66.108     358.408     0.14927
2001 08 31 08 10 00     66.108     358.408     0.15694
2001 08 31 08 30 00     66.108     358.408     0.14426
2001 08 31 08 50 00     66.108     358.408     0.16308
2001 08 31 09 10 00     66.108     358.408     0.20980
2001 08 31 09 30 00     66.108     358.408     0.21468
2001 08 31 09 50 00     66.108     358.408     0.25052
2001 08 31 10 10 00     66.108     358.408     0.18131
2001 08 31 10 30 00     66.108     358.408     0.18293
2001 08 31 10 50 00     66.108     358.408     0.29667
2001 08 31 11 10 00     66.108     358.408     0.09288
2001 08 31 11 30 00     66.108     358.408     0.07484
2001 08 31 11 50 00     66.108     358.408     0.06664
2001 08 31 12 10 00     66.108     358.408     0.11673
2001 08 31 12 30 00     66.108     358.408     0.09826
2001 08 31 12 50 00     66.108     358.408     0.06468
2001 08 31 13 10 00     66.108     358.408     0.05781
2001 08 31 13 30 00     66.108     358.408     0.02091
2001 08 31 13 50 00     66.108     358.408     0.02431
2001 08 31 14 10 00     66.108     358.408     0.02443
2001 08 31 14 30 00     66.108     358.408     0.03485
2001 08 31 14 50 00     66.108     358.408     0.04882
2001 08 31 15 10 00     66.108     358.408     0.04198
2001 08 31 15 30 00     66.108     358.408     0.03472
2001 08 31 15 50 00     66.108     358.408     0.03690
2001 08 31 16 10 00     66.108     358.408     0.05990
2001 08 31 16 30 00     66.108     358.408     0.04841
2001 08 31 16 50 00     66.108     358.408     0.10124
2001 08 31 17 10 00     66.108     358.408     0.13427
2001 08 31 17 30 00     66.108     358.408     0.09115
2001 08 31 17 50 00     66.108     358.408     0.06903
2001 08 31 18 10 00     66.108     358.408     0.05188
2001 08 31 18 30 00     66.108     358.408     0.03992
2001 08 31 18 50 00     66.108     358.408     0.06079
2001 08 31 19 10 00     66.108     358.408     0.05425
2001 08 31 19 30 00     66.108     358.408     0.07328
2001 08 31 19 50 00     66.108     358.408     0.06893
2001 08 31 20 10 00     66.108     358.408     0.09022
2001 08 31 20 30 00     66.108     358.408     0.05133
2001 08 31 20 50 00     66.108     358.408     0.10198
2001 08 31 21 10 00     66.108     358.408     0.06616
2001 08 31 21 30 00     66.108     358.408     0.06837
2001 08 31 21 50 00     66.108     358.408     0.06299
2001 08 31 22 10 00     66.108     358.408     0.08136
2001 08 31 22 30 00     66.108     358.408     0.10750
2001 08 31 22 50 00     66.108     358.408     0.07388
2001 08 31 23 10 00     66.108     358.408     0.08751
2001 08 31 23 30 00     66.108     358.408     0.06009
2001 08 31 23 50 00     66.108     358.408     0.06666
