# run: Median_20230628
# model: Median
# Shielding angle [deg.]:      -90.0000
# North, East and vertical components of magnetic field
# Station: ABK
#Position (GEO): lon=       18.8240 lat=      68.3560
Year Month Day Hour Min Sec GeomagLat GeomagLon dBdt_Horizonatl
[year] [month] [day] [hour] [min] [s] [deg] [deg] [nT/s]

2006 12 14 12 10 00     65.112     102.308     0.13455
2006 12 14 12 30 00     65.112     102.308     0.16647
2006 12 14 12 50 00     65.112     102.308     0.11697
2006 12 14 13 10 00     65.112     102.308     nan
2006 12 14 13 30 00     65.112     102.308     0.08949
2006 12 14 13 50 00     65.112     102.308     0.18911
2006 12 14 14 10 00     65.112     102.308     0.16320
2006 12 14 14 30 00     65.112     102.308     0.26952
2006 12 14 14 50 00     65.112     102.308     0.64855
2006 12 14 15 10 00     65.112     102.308     0.58018
2006 12 14 15 30 00     65.112     102.308     0.59809
2006 12 14 15 50 00     65.112     102.308     0.36954
2006 12 14 16 10 00     65.112     102.308     0.35258
2006 12 14 16 30 00     65.112     102.308     0.62647
2006 12 14 16 50 00     65.112     102.308     0.65811
2006 12 14 17 10 00     65.112     102.308     0.52050
2006 12 14 17 30 00     65.112     102.308     0.46135
2006 12 14 17 50 00     65.112     102.308     0.92137
2006 12 14 18 10 00     65.112     102.308     1.03746
2006 12 14 18 30 00     65.112     102.308     0.51036
2006 12 14 18 50 00     65.112     102.308     0.42115
2006 12 14 19 10 00     65.112     102.308     0.27916
2006 12 14 19 30 00     65.112     102.308     0.55454
2006 12 14 19 50 00     65.112     102.308     0.41440
2006 12 14 20 10 00     65.112     102.308     0.31281
2006 12 14 20 30 00     65.112     102.308     nan
2006 12 14 20 50 00     65.112     102.308     0.36813
2006 12 14 21 10 00     65.112     102.308     0.58286
2006 12 14 21 30 00     65.112     102.308     0.55233
2006 12 14 21 50 00     65.112     102.308     1.02685
2006 12 14 22 10 00     65.112     102.308     1.01799
2006 12 14 22 30 00     65.112     102.308     1.07323
2006 12 14 22 50 00     65.112     102.308     1.31590
2006 12 14 23 10 00     65.112     102.308     1.30664
2006 12 14 23 30 00     65.112     102.308     0.79177
2006 12 14 23 50 00     65.112     102.308     1.06965
2006 12 15 00 10 00     65.112     102.308     0.47681
2006 12 15 00 30 00     65.112     102.308     0.50850
2006 12 15 00 50 00     65.112     102.308     0.41055
2006 12 15 01 10 00     65.112     102.308     0.56315
2006 12 15 01 30 00     65.112     102.308     0.40675
2006 12 15 01 50 00     65.112     102.308     0.50171
2006 12 15 02 10 00     65.112     102.308     0.64975
2006 12 15 02 30 00     65.112     102.308     0.45114
2006 12 15 02 50 00     65.112     102.308     0.50389
2006 12 15 03 10 00     65.112     102.308     0.45196
2006 12 15 03 30 00     65.112     102.308     0.29707
2006 12 15 03 50 00     65.112     102.308     0.34162
2006 12 15 04 10 00     65.112     102.308     0.49851
2006 12 15 04 30 00     65.112     102.308     0.34276
2006 12 15 04 50 00     65.112     102.308     0.31098
2006 12 15 05 10 00     65.112     102.308     0.34347
2006 12 15 05 30 00     65.112     102.308     0.49720
2006 12 15 05 50 00     65.112     102.308     0.34531
2006 12 15 06 10 00     65.112     102.308     0.45657
2006 12 15 06 30 00     65.112     102.308     0.27376
2006 12 15 06 50 00     65.112     102.308     0.13850
2006 12 15 07 10 00     65.112     102.308     0.10297
2006 12 15 07 30 00     65.112     102.308     0.25832
2006 12 15 07 50 00     65.112     102.308     0.14646
2006 12 15 08 10 00     65.112     102.308     0.21923
2006 12 15 08 30 00     65.112     102.308     0.23678
2006 12 15 08 50 00     65.112     102.308     0.21583
2006 12 15 09 10 00     65.112     102.308     0.32170
2006 12 15 09 30 00     65.112     102.308     0.29518
2006 12 15 09 50 00     65.112     102.308     0.52151
2006 12 15 10 10 00     65.112     102.308     0.19640
2006 12 15 10 30 00     65.112     102.308     0.22347
2006 12 15 10 50 00     65.112     102.308     0.32350
2006 12 15 11 10 00     65.112     102.308     0.40656
2006 12 15 11 30 00     65.112     102.308     0.23050
2006 12 15 11 50 00     65.112     102.308     0.24424
2006 12 15 12 10 00     65.112     102.308     0.34935
2006 12 15 12 30 00     65.112     102.308     0.27053
2006 12 15 12 50 00     65.112     102.308     0.24808
2006 12 15 13 10 00     65.112     102.308     0.17851
2006 12 15 13 30 00     65.112     102.308     0.14252
2006 12 15 13 50 00     65.112     102.308     0.12479
2006 12 15 14 10 00     65.112     102.308     0.12124
2006 12 15 14 30 00     65.112     102.308     0.12190
2006 12 15 14 50 00     65.112     102.308     0.17676
2006 12 15 15 10 00     65.112     102.308     0.10606
2006 12 15 15 30 00     65.112     102.308     0.08332
2006 12 15 15 50 00     65.112     102.308     0.09076
2006 12 15 16 10 00     65.112     102.308     0.14575
2006 12 15 16 30 00     65.112     102.308     0.16061
2006 12 15 16 50 00     65.112     102.308     0.20242
2006 12 15 17 10 00     65.112     102.308     0.16499
2006 12 15 17 30 00     65.112     102.308     0.10032
2006 12 15 17 50 00     65.112     102.308     0.13097
2006 12 15 18 10 00     65.112     102.308     0.20184
2006 12 15 18 30 00     65.112     102.308     0.15787
2006 12 15 18 50 00     65.112     102.308     0.20025
2006 12 15 19 10 00     65.112     102.308     0.14172
2006 12 15 19 30 00     65.112     102.308     0.13594
2006 12 15 19 50 00     65.112     102.308     0.08100
2006 12 15 20 10 00     65.112     102.308     0.07302
2006 12 15 20 30 00     65.112     102.308     0.10374
2006 12 15 20 50 00     65.112     102.308     0.08214
2006 12 15 21 10 00     65.112     102.308     0.12963
2006 12 15 21 30 00     65.112     102.308     0.15346
2006 12 15 21 50 00     65.112     102.308     0.16405
2006 12 15 22 10 00     65.112     102.308     0.12989
2006 12 15 22 30 00     65.112     102.308     0.15888
2006 12 15 22 50 00     65.112     102.308     0.19665
2006 12 15 23 10 00     65.112     102.308     0.25659
2006 12 15 23 30 00     65.112     102.308     0.15620
2006 12 15 23 50 00     65.112     102.308     0.10939
