# run: Median_20230628
# model: Median
# Shielding angle [deg.]:      -90.0000
# North, East and vertical components of magnetic field
# Station: PBQ
#Position (GEO): lon=       282.255 lat=      55.2780
Year Month Day Hour Min Sec GeomagLat GeomagLon dBdt_Horizonatl
[year] [month] [day] [hour] [min] [s] [deg] [deg] [nT/s]

2003 10 29 06 10 00     66.108     358.408     1.76872
2003 10 29 06 30 00     66.108     358.408     3.21428
2003 10 29 06 50 00     66.108     358.408     5.71626
2003 10 29 07 10 00     66.108     358.408     6.27990
2003 10 29 07 30 00     66.108     358.408     4.47413
2003 10 29 07 50 00     66.108     358.408     2.70988
2003 10 29 08 10 00     66.108     358.408     1.69128
2003 10 29 08 30 00     66.108     358.408     1.10945
2003 10 29 08 50 00     66.108     358.408     2.27228
2003 10 29 09 10 00     66.108     358.408     1.89634
2003 10 29 09 30 00     66.108     358.408     1.21321
2003 10 29 09 50 00     66.108     358.408     0.46081
2003 10 29 10 10 00     66.108     358.408     0.36517
2003 10 29 10 30 00     66.108     358.408     2.57829
2003 10 29 10 50 00     66.108     358.408     2.79471
2003 10 29 11 10 00     66.108     358.408     0.51104
2003 10 29 11 30 00     66.108     358.408     0.70542
2003 10 29 11 50 00     66.108     358.408     0.41586
2003 10 29 12 10 00     66.108     358.408     0.53245
2003 10 29 12 30 00     66.108     358.408     0.38681
2003 10 29 12 50 00     66.108     358.408     0.41348
2003 10 29 13 10 00     66.108     358.408     0.39154
2003 10 29 13 30 00     66.108     358.408     0.51381
2003 10 29 13 50 00     66.108     358.408     0.49510
2003 10 29 14 10 00     66.108     358.408     0.66260
2003 10 29 14 30 00     66.108     358.408     0.30577
2003 10 29 14 50 00     66.108     358.408     0.58912
2003 10 29 15 10 00     66.108     358.408     0.54067
2003 10 29 15 30 00     66.108     358.408     0.44707
2003 10 29 15 50 00     66.108     358.408     0.70109
2003 10 29 16 10 00     66.108     358.408     0.38917
2003 10 29 16 30 00     66.108     358.408     0.30461
2003 10 29 16 50 00     66.108     358.408     0.52030
2003 10 29 17 10 00     66.108     358.408     0.71054
2003 10 29 17 30 00     66.108     358.408     0.56649
2003 10 29 17 50 00     66.108     358.408     0.77137
2003 10 29 18 10 00     66.108     358.408     0.45718
2003 10 29 18 30 00     66.108     358.408     0.66996
2003 10 29 18 50 00     66.108     358.408     0.80659
2003 10 29 19 10 00     66.108     358.408     0.89445
2003 10 29 19 30 00     66.108     358.408     1.96893
2003 10 29 19 50 00     66.108     358.408     1.23362
2003 10 29 20 10 00     66.108     358.408     0.77566
2003 10 29 20 30 00     66.108     358.408     1.02967
2003 10 29 20 50 00     66.108     358.408     1.29143
2003 10 29 21 10 00     66.108     358.408     0.52947
2003 10 29 21 30 00     66.108     358.408     0.60469
2003 10 29 21 50 00     66.108     358.408     1.15977
2003 10 29 22 10 00     66.108     358.408     1.29926
2003 10 29 22 30 00     66.108     358.408     1.36847
2003 10 29 22 50 00     66.108     358.408     0.71377
2003 10 29 23 10 00     66.108     358.408     0.68128
2003 10 29 23 30 00     66.108     358.408     0.44859
2003 10 29 23 50 00     66.108     358.408     0.56180
2003 10 30 00 10 00     66.108     358.408     0.93682
2003 10 30 00 30 00     66.108     358.408     0.79684
2003 10 30 00 50 00     66.108     358.408     0.54200
2003 10 30 01 10 00     66.108     358.408     0.96404
2003 10 30 01 30 00     66.108     358.408     0.39063
2003 10 30 01 50 00     66.108     358.408     0.32083
2003 10 30 02 10 00     66.108     358.408     0.41988
2003 10 30 02 30 00     66.108     358.408     0.53115
2003 10 30 02 50 00     66.108     358.408     0.79759
2003 10 30 03 10 00     66.108     358.408     1.64002
2003 10 30 03 30 00     66.108     358.408     1.03934
2003 10 30 03 50 00     66.108     358.408     0.29514
2003 10 30 04 10 00     66.108     358.408     0.26331
2003 10 30 04 30 00     66.108     358.408     0.32754
2003 10 30 04 50 00     66.108     358.408     0.27767
2003 10 30 05 10 00     66.108     358.408     0.72182
2003 10 30 05 30 00     66.108     358.408     0.68835
2003 10 30 05 50 00     66.108     358.408     0.17634
