# run: Median_20230628
# model: Median
# Shielding angle [deg.]:      -90.0000
# North, East and vertical components of magnetic field
# Station: YKC
#Position (GEO): lon=        lat=      
Year Month Day Hour Min Sec GeomagLat GeomagLon dBdt_Horizonatl
[year] [month] [day] [hour] [min] [s] [deg] [deg] [nT/s]

2003 10 29 06 10 00     65.112     102.308     3.83955
2003 10 29 06 30 00     65.112     102.308     4.07023
2003 10 29 06 50 00     65.112     102.308     4.50785
2003 10 29 07 10 00     65.112     102.308     6.19405
2003 10 29 07 30 00     65.112     102.308     2.94757
2003 10 29 07 50 00     65.112     102.308     1.69276
2003 10 29 08 10 00     65.112     102.308     1.70729
2003 10 29 08 30 00     65.112     102.308     1.60525
2003 10 29 08 50 00     65.112     102.308     2.41848
2003 10 29 09 10 00     65.112     102.308     2.21865
2003 10 29 09 30 00     65.112     102.308     1.22121
2003 10 29 09 50 00     65.112     102.308     0.51105
2003 10 29 10 10 00     65.112     102.308     0.34697
2003 10 29 10 30 00     65.112     102.308     1.67663
2003 10 29 10 50 00     65.112     102.308     1.28688
2003 10 29 11 10 00     65.112     102.308     0.55094
2003 10 29 11 30 00     65.112     102.308     0.64296
2003 10 29 11 50 00     65.112     102.308     0.42591
2003 10 29 12 10 00     65.112     102.308     1.26211
2003 10 29 12 30 00     65.112     102.308     0.40460
2003 10 29 12 50 00     65.112     102.308     0.60259
2003 10 29 13 10 00     65.112     102.308     0.32261
2003 10 29 13 30 00     65.112     102.308     0.65475
2003 10 29 13 50 00     65.112     102.308     0.27790
2003 10 29 14 10 00     65.112     102.308     0.77273
2003 10 29 14 30 00     65.112     102.308     0.58001
2003 10 29 14 50 00     65.112     102.308     1.09411
2003 10 29 15 10 00     65.112     102.308     0.57450
2003 10 29 15 30 00     65.112     102.308     0.60997
2003 10 29 15 50 00     65.112     102.308     0.84034
2003 10 29 16 10 00     65.112     102.308     0.51394
2003 10 29 16 30 00     65.112     102.308     0.60876
2003 10 29 16 50 00     65.112     102.308     0.71725
2003 10 29 17 10 00     65.112     102.308     0.79718
2003 10 29 17 30 00     65.112     102.308     0.67032
2003 10 29 17 50 00     65.112     102.308     1.30139
2003 10 29 18 10 00     65.112     102.308     1.60394
2003 10 29 18 30 00     65.112     102.308     1.13993
2003 10 29 18 50 00     65.112     102.308     0.51055
2003 10 29 19 10 00     65.112     102.308     0.85224
2003 10 29 19 30 00     65.112     102.308     0.85849
2003 10 29 19 50 00     65.112     102.308     1.26483
2003 10 29 20 10 00     65.112     102.308     1.26859
2003 10 29 20 30 00     65.112     102.308     0.73338
2003 10 29 20 50 00     65.112     102.308     0.71071
2003 10 29 21 10 00     65.112     102.308     0.53363
2003 10 29 21 30 00     65.112     102.308     0.62768
2003 10 29 21 50 00     65.112     102.308     0.65757
2003 10 29 22 10 00     65.112     102.308     0.47130
2003 10 29 22 30 00     65.112     102.308     0.62621
2003 10 29 22 50 00     65.112     102.308     0.63013
2003 10 29 23 10 00     65.112     102.308     0.74163
2003 10 29 23 30 00     65.112     102.308     0.66310
2003 10 29 23 50 00     65.112     102.308     1.48583
2003 10 30 00 10 00     65.112     102.308     0.48936
2003 10 30 00 30 00     65.112     102.308     0.47168
2003 10 30 00 50 00     65.112     102.308     0.48222
2003 10 30 01 10 00     65.112     102.308     0.43610
2003 10 30 01 30 00     65.112     102.308     0.32173
2003 10 30 01 50 00     65.112     102.308     0.43388
2003 10 30 02 10 00     65.112     102.308     0.37931
2003 10 30 02 30 00     65.112     102.308     0.55179
2003 10 30 02 50 00     65.112     102.308     0.98198
2003 10 30 03 10 00     65.112     102.308     1.21032
2003 10 30 03 30 00     65.112     102.308     0.45007
2003 10 30 03 50 00     65.112     102.308     0.21887
2003 10 30 04 10 00     65.112     102.308     0.28354
2003 10 30 04 30 00     65.112     102.308     0.21214
2003 10 30 04 50 00     65.112     102.308     0.27009
2003 10 30 05 10 00     65.112     102.308     1.13994
2003 10 30 05 30 00     65.112     102.308     0.46768
2003 10 30 05 50 00     65.112     102.308     0.23362
