# run: Median_20230714
# model: Median
# Shielding angle [deg.]:      -90.0000
# North, East and vertical components of magnetic field
# Station: YKC
#Position (GEO): lon=       18.240 lat=      68.3560
Year Month Day Hour Min Sec GeomagLat GeomagLon dBdt_Horizontal
[year] [month] [day] [hour] [min] [s] [deg] [deg] [nT/s] [nT/s] [nT/s]
2010 04 05 00 10 00     65.1120     102.300     0.19420     0.00     0.00
2010 04 05 00 30 00     65.1120     102.300     0.11378     0.00     0.00
2010 04 05 00 50 00     65.1120     102.300     0.24687     0.00     0.00
2010 04 05 01 10 00     65.1120     102.300     0.16022     0.00     0.00
2010 04 05 01 30 00     65.1120     102.300     0.14313     0.00     0.00
2010 04 05 01 50 00     65.1120     102.300     0.19589     0.00     0.00
2010 04 05 02 10 00     65.1120     102.300     0.17812     0.00     0.00
2010 04 05 02 30 00     65.1120     102.300     0.11528     0.00     0.00
2010 04 05 02 50 00     65.1120     102.300     0.16151     0.00     0.00
2010 04 05 03 10 00     65.1120     102.300     0.14891     0.00     0.00
2010 04 05 03 30 00     65.1120     102.300     0.15366     0.00     0.00
2010 04 05 03 50 00     65.1120     102.300     0.14229     0.00     0.00
2010 04 05 04 10 00     65.1120     102.300     0.14667     0.00     0.00
2010 04 05 04 30 00     65.1120     102.300     0.14140     0.00     0.00
2010 04 05 04 50 00     65.1120     102.300     0.10919     0.00     0.00
2010 04 05 05 10 00     65.1120     102.300     0.12771     0.00     0.00
2010 04 05 05 30 00     65.1120     102.300     0.12222     0.00     0.00
2010 04 05 05 50 00     65.1120     102.300     0.10696     0.00     0.00
2010 04 05 06 10 00     65.1120     102.300     0.06510     0.00     0.00
2010 04 05 06 30 00     65.1120     102.300     0.06075     0.00     0.00
2010 04 05 06 50 00     65.1120     102.300     0.05905     0.00     0.00
2010 04 05 07 10 00     65.1120     102.300     0.19802     0.00     0.00
2010 04 05 07 30 00     65.1120     102.300     0.20555     0.00     0.00
2010 04 05 07 50 00     65.1120     102.300     0.12761     0.00     0.00
2010 04 05 08 10 00     65.1120     102.300     0.16072     0.00     0.00
2010 04 05 08 30 00     65.1120     102.300     0.59920     0.00     0.00
2010 04 05 08 50 00     65.1120     102.300     0.61567     0.00     0.00
2010 04 05 09 10 00     65.1120     102.300     0.33434     0.00     0.00
2010 04 05 09 30 00     65.1120     102.300     0.58442     0.00     0.00
2010 04 05 09 50 00     65.1120     102.300     0.54609     0.00     0.00
2010 04 05 10 10 00     65.1120     102.300     0.96645     0.00     0.00
2010 04 05 10 30 00     65.1120     102.300     0.39410     0.00     0.00
2010 04 05 10 50 00     65.1120     102.300     0.42298     0.00     0.00
2010 04 05 11 10 00     65.1120     102.300     0.33987     0.00     0.00
2010 04 05 11 30 00     65.1120     102.300     0.38038     0.00     0.00
2010 04 05 11 50 00     65.1120     102.300     0.35141     0.00     0.00
2010 04 05 12 10 00     65.1120     102.300     0.29884     0.00     0.00
2010 04 05 12 30 00     65.1120     102.300     0.48415     0.00     0.00
2010 04 05 12 50 00     65.1120     102.300     0.84264     0.00     0.00
2010 04 05 13 10 00     65.1120     102.300     0.72774     0.00     0.00
2010 04 05 13 30 00     65.1120     102.300     0.43501     0.00     0.00
2010 04 05 13 50 00     65.1120     102.300     0.54358     0.00     0.00
2010 04 05 14 10 00     65.1120     102.300     0.41311     0.00     0.00
2010 04 05 14 30 00     65.1120     102.300     0.36841     0.00     0.00
2010 04 05 14 50 00     65.1120     102.300     0.36123     0.00     0.00
2010 04 05 15 10 00     65.1120     102.300     0.25636     0.00     0.00
2010 04 05 15 30 00     65.1120     102.300     0.49604     0.00     0.00
2010 04 05 15 50 00     65.1120     102.300     0.42455     0.00     0.00
2010 04 05 16 10 00     65.1120     102.300     0.29607     0.00     0.00
2010 04 05 16 30 00     65.1120     102.300     0.21842     0.00     0.00
2010 04 05 16 50 00     65.1120     102.300     0.33356     0.00     0.00
2010 04 05 17 10 00     65.1120     102.300     0.42929     0.00     0.00
2010 04 05 17 30 00     65.1120     102.300     0.19282     0.00     0.00
2010 04 05 17 50 00     65.1120     102.300     0.26060     0.00     0.00
2010 04 05 18 10 00     65.1120     102.300     0.23269     0.00     0.00
2010 04 05 18 30 00     65.1120     102.300     0.24450     0.00     0.00
2010 04 05 18 50 00     65.1120     102.300     0.40644     0.00     0.00
2010 04 05 19 10 00     65.1120     102.300     0.16348     0.00     0.00
2010 04 05 19 30 00     65.1120     102.300     0.12264     0.00     0.00
2010 04 05 19 50 00     65.1120     102.300     0.17500     0.00     0.00
2010 04 05 20 10 00     65.1120     102.300     0.20649     0.00     0.00
2010 04 05 20 30 00     65.1120     102.300     0.25525     0.00     0.00
2010 04 05 20 50 00     65.1120     102.300     0.20449     0.00     0.00
2010 04 05 21 10 00     65.1120     102.300     0.14069     0.00     0.00
2010 04 05 21 30 00     65.1120     102.300     0.11353     0.00     0.00
2010 04 05 21 50 00     65.1120     102.300     0.17763     0.00     0.00
2010 04 05 22 10 00     65.1120     102.300     0.10830     0.00     0.00
2010 04 05 22 30 00     65.1120     102.300     0.14015     0.00     0.00
2010 04 05 22 50 00     65.1120     102.300     0.16479     0.00     0.00
2010 04 05 23 10 00     65.1120     102.300     0.14260     0.00     0.00
2010 04 05 23 30 00     65.1120     102.300     0.17948     0.00     0.00
2010 04 05 23 50 00     65.1120     102.300     0.22471     0.00     0.00
