# run: Median_20230714
# model: Median
# Shielding angle [deg.]:      -90.0000
# North, East and vertical components of magnetic field
# Station: ABK
#Position (GEO): lon=       18.240 lat=      68.3560
Year Month Day Hour Min Sec GeomagLat GeomagLon dBdt_Horizontal
[year] [month] [day] [hour] [min] [s] [deg] [deg] [nT/s] [nT/s] [nT/s]
2005 08 31 10 10 00     65.1120     102.300     0.11760     0.00     0.00
2005 08 31 10 30 00     65.1120     102.300     0.11710     0.00     0.00
2005 08 31 10 50 00     65.1120     102.300     0.31264     0.00     0.00
2005 08 31 11 10 00     65.1120     102.300     0.18586     0.00     0.00
2005 08 31 11 30 00     65.1120     102.300     0.11556     0.00     0.00
2005 08 31 11 50 00     65.1120     102.300     0.22459     0.00     0.00
2005 08 31 12 10 00     65.1120     102.300     0.31724     0.00     0.00
2005 08 31 12 30 00     65.1120     102.300     0.19038     0.00     0.00
2005 08 31 12 50 00     65.1120     102.300     0.18598     0.00     0.00
2005 08 31 13 10 00     65.1120     102.300     0.33541     0.00     0.00
2005 08 31 13 30 00     65.1120     102.300     0.17692     0.00     0.00
2005 08 31 13 50 00     65.1120     102.300     0.20241     0.00     0.00
2005 08 31 14 10 00     65.1120     102.300     0.28431     0.00     0.00
2005 08 31 14 30 00     65.1120     102.300     0.20875     0.00     0.00
2005 08 31 14 50 00     65.1120     102.300     0.28728     0.00     0.00
2005 08 31 15 10 00     65.1120     102.300     0.42568     0.00     0.00
2005 08 31 15 30 00     65.1120     102.300     0.24114     0.00     0.00
2005 08 31 15 50 00     65.1120     102.300     0.41451     0.00     0.00
2005 08 31 16 10 00     65.1120     102.300     0.30097     0.00     0.00
2005 08 31 16 30 00     65.1120     102.300     0.26373     0.00     0.00
2005 08 31 16 50 00     65.1120     102.300     0.50696     0.00     0.00
2005 08 31 17 10 00     65.1120     102.300     0.20230     0.00     0.00
2005 08 31 17 30 00     65.1120     102.300     0.16768     0.00     0.00
2005 08 31 17 50 00     65.1120     102.300     0.88232     0.00     0.00
2005 08 31 18 10 00     65.1120     102.300     0.68269     0.00     0.00
2005 08 31 18 30 00     65.1120     102.300     0.23870     0.00     0.00
2005 08 31 18 50 00     65.1120     102.300     0.32313     0.00     0.00
2005 08 31 19 10 00     65.1120     102.300     0.26434     0.00     0.00
2005 08 31 19 30 00     65.1120     102.300     0.44889     0.00     0.00
2005 08 31 19 50 00     65.1120     102.300     0.42765     0.00     0.00
2005 08 31 20 10 00     65.1120     102.300     0.19964     0.00     0.00
2005 08 31 20 30 00     65.1120     102.300     0.18685     0.00     0.00
2005 08 31 20 50 00     65.1120     102.300     0.27131     0.00     0.00
2005 08 31 21 10 00     65.1120     102.300     0.24221     0.00     0.00
2005 08 31 21 30 00     65.1120     102.300     0.14513     0.00     0.00
2005 08 31 21 50 00     65.1120     102.300     0.19147     0.00     0.00
2005 08 31 22 10 00     65.1120     102.300     0.25333     0.00     0.00
2005 08 31 22 30 00     65.1120     102.300     0.28319     0.00     0.00
2005 08 31 22 50 00     65.1120     102.300     0.45611     0.00     0.00
2005 08 31 23 10 00     65.1120     102.300     0.59489     0.00     0.00
2005 08 31 23 30 00     65.1120     102.300     0.16782     0.00     0.00
2005 08 31 23 50 00     65.1120     102.300     0.24921     0.00     0.00
2005 09 01 00 10 00     65.1120     102.300     0.27142     0.00     0.00
2005 09 01 00 30 00     65.1120     102.300     0.36213     0.00     0.00
2005 09 01 00 50 00     65.1120     102.300     0.61928     0.00     0.00
2005 09 01 01 10 00     65.1120     102.300     0.26979     0.00     0.00
2005 09 01 01 30 00     65.1120     102.300     0.31379     0.00     0.00
2005 09 01 01 50 00     65.1120     102.300     0.19730     0.00     0.00
2005 09 01 02 10 00     65.1120     102.300     0.22159     0.00     0.00
2005 09 01 02 30 00     65.1120     102.300     0.42403     0.00     0.00
2005 09 01 02 50 00     65.1120     102.300     0.24504     0.00     0.00
2005 09 01 03 10 00     65.1120     102.300     0.27592     0.00     0.00
2005 09 01 03 30 00     65.1120     102.300     0.22617     0.00     0.00
2005 09 01 03 50 00     65.1120     102.300     0.19880     0.00     0.00
2005 09 01 04 10 00     65.1120     102.300     0.17466     0.00     0.00
2005 09 01 04 30 00     65.1120     102.300     0.18755     0.00     0.00
2005 09 01 04 50 00     65.1120     102.300     0.10918     0.00     0.00
2005 09 01 05 10 00     65.1120     102.300     nan     0.00     0.00
2005 09 01 05 30 00     65.1120     102.300     0.07917     0.00     0.00
2005 09 01 05 50 00     65.1120     102.300     0.12032     0.00     0.00
2005 09 01 06 10 00     65.1120     102.300     0.09494     0.00     0.00
2005 09 01 06 30 00     65.1120     102.300     0.12285     0.00     0.00
2005 09 01 06 50 00     65.1120     102.300     0.12132     0.00     0.00
2005 09 01 07 10 00     65.1120     102.300     0.08046     0.00     0.00
2005 09 01 07 30 00     65.1120     102.300     0.05882     0.00     0.00
2005 09 01 07 50 00     65.1120     102.300     0.06073     0.00     0.00
2005 09 01 08 10 00     65.1120     102.300     0.13360     0.00     0.00
2005 09 01 08 30 00     65.1120     102.300     0.09058     0.00     0.00
2005 09 01 08 50 00     65.1120     102.300     0.08411     0.00     0.00
2005 09 01 09 10 00     65.1120     102.300     0.08516     0.00     0.00
2005 09 01 09 30 00     65.1120     102.300     0.13416     0.00     0.00
2005 09 01 09 50 00     65.1120     102.300     0.07302     0.00     0.00
2005 09 01 10 10 00     65.1120     102.300     0.08130     0.00     0.00
2005 09 01 10 30 00     65.1120     102.300     0.08350     0.00     0.00
2005 09 01 10 50 00     65.1120     102.300     0.12975     0.00     0.00
2005 09 01 11 10 00     65.1120     102.300     0.09458     0.00     0.00
2005 09 01 11 30 00     65.1120     102.300     0.08169     0.00     0.00
2005 09 01 11 50 00     65.1120     102.300     0.09175     0.00     0.00
