# run: Mean_20230628
# model: Mean
# Shielding angle [deg.]:      -90.0000
# North, East and vertical components of magnetic field
# Station: ABK
#Position (GEO): lon=       18.8240 lat=      68.3560
Year Month Day Hour Min Sec GeomagLat GeomagLon dBdt_Horizonatl
[year] [month] [day] [hour] [min] [s] [deg] [deg] [nT/s]

2006 12 14 12 10 00     65.112     102.308     0.18259
2006 12 14 12 30 00     65.112     102.308     0.14640
2006 12 14 12 50 00     65.112     102.308     0.11113
2006 12 14 13 10 00     65.112     102.308     nan
2006 12 14 13 30 00     65.112     102.308     0.13937
2006 12 14 13 50 00     65.112     102.308     0.16087
2006 12 14 14 10 00     65.112     102.308     0.14125
2006 12 14 14 30 00     65.112     102.308     0.56445
2006 12 14 14 50 00     65.112     102.308     0.99883
2006 12 14 15 10 00     65.112     102.308     0.62583
2006 12 14 15 30 00     65.112     102.308     0.60644
2006 12 14 15 50 00     65.112     102.308     0.43719
2006 12 14 16 10 00     65.112     102.308     0.53120
2006 12 14 16 30 00     65.112     102.308     0.65330
2006 12 14 16 50 00     65.112     102.308     0.65886
2006 12 14 17 10 00     65.112     102.308     0.60126
2006 12 14 17 30 00     65.112     102.308     0.52255
2006 12 14 17 50 00     65.112     102.308     0.96820
2006 12 14 18 10 00     65.112     102.308     0.94714
2006 12 14 18 30 00     65.112     102.308     0.71731
2006 12 14 18 50 00     65.112     102.308     0.58062
2006 12 14 19 10 00     65.112     102.308     0.66452
2006 12 14 19 30 00     65.112     102.308     0.47597
2006 12 14 19 50 00     65.112     102.308     0.43882
2006 12 14 20 10 00     65.112     102.308     0.40622
2006 12 14 20 30 00     65.112     102.308     nan
2006 12 14 20 50 00     65.112     102.308     0.54387
2006 12 14 21 10 00     65.112     102.308     0.47543
2006 12 14 21 30 00     65.112     102.308     0.81690
2006 12 14 21 50 00     65.112     102.308     1.40079
2006 12 14 22 10 00     65.112     102.308     1.22362
2006 12 14 22 30 00     65.112     102.308     1.16263
2006 12 14 22 50 00     65.112     102.308     1.17978
2006 12 14 23 10 00     65.112     102.308     1.42926
2006 12 14 23 30 00     65.112     102.308     1.02434
2006 12 14 23 50 00     65.112     102.308     1.10396
2006 12 15 00 10 00     65.112     102.308     0.66091
2006 12 15 00 30 00     65.112     102.308     0.50309
2006 12 15 00 50 00     65.112     102.308     0.51126
2006 12 15 01 10 00     65.112     102.308     0.58327
2006 12 15 01 30 00     65.112     102.308     0.51399
2006 12 15 01 50 00     65.112     102.308     0.52368
2006 12 15 02 10 00     65.112     102.308     0.79525
2006 12 15 02 30 00     65.112     102.308     0.61215
2006 12 15 02 50 00     65.112     102.308     0.49550
2006 12 15 03 10 00     65.112     102.308     0.40546
2006 12 15 03 30 00     65.112     102.308     0.34194
2006 12 15 03 50 00     65.112     102.308     0.30567
2006 12 15 04 10 00     65.112     102.308     0.43165
2006 12 15 04 30 00     65.112     102.308     0.29401
2006 12 15 04 50 00     65.112     102.308     0.90308
2006 12 15 05 10 00     65.112     102.308     0.94983
2006 12 15 05 30 00     65.112     102.308     0.58073
2006 12 15 05 50 00     65.112     102.308     0.61621
2006 12 15 06 10 00     65.112     102.308     0.43217
2006 12 15 06 30 00     65.112     102.308     0.25836
2006 12 15 06 50 00     65.112     102.308     0.17977
2006 12 15 07 10 00     65.112     102.308     0.20106
2006 12 15 07 30 00     65.112     102.308     0.41565
2006 12 15 07 50 00     65.112     102.308     0.23143
2006 12 15 08 10 00     65.112     102.308     0.22577
2006 12 15 08 30 00     65.112     102.308     0.20838
2006 12 15 08 50 00     65.112     102.308     0.28579
2006 12 15 09 10 00     65.112     102.308     0.29172
2006 12 15 09 30 00     65.112     102.308     0.30090
2006 12 15 09 50 00     65.112     102.308     0.37824
2006 12 15 10 10 00     65.112     102.308     0.39654
2006 12 15 10 30 00     65.112     102.308     0.21360
2006 12 15 10 50 00     65.112     102.308     0.31538
2006 12 15 11 10 00     65.112     102.308     0.33457
2006 12 15 11 30 00     65.112     102.308     0.51161
2006 12 15 11 50 00     65.112     102.308     0.33528
2006 12 15 12 10 00     65.112     102.308     0.36909
2006 12 15 12 30 00     65.112     102.308     0.25028
2006 12 15 12 50 00     65.112     102.308     0.23796
2006 12 15 13 10 00     65.112     102.308     0.21301
2006 12 15 13 30 00     65.112     102.308     0.16038
2006 12 15 13 50 00     65.112     102.308     0.14779
2006 12 15 14 10 00     65.112     102.308     0.16924
2006 12 15 14 30 00     65.112     102.308     0.11248
2006 12 15 14 50 00     65.112     102.308     0.19647
2006 12 15 15 10 00     65.112     102.308     0.10988
2006 12 15 15 30 00     65.112     102.308     0.09518
2006 12 15 15 50 00     65.112     102.308     0.10830
2006 12 15 16 10 00     65.112     102.308     0.15591
2006 12 15 16 30 00     65.112     102.308     0.14606
2006 12 15 16 50 00     65.112     102.308     0.15757
2006 12 15 17 10 00     65.112     102.308     0.12431
2006 12 15 17 30 00     65.112     102.308     0.12313
2006 12 15 17 50 00     65.112     102.308     0.16493
2006 12 15 18 10 00     65.112     102.308     0.32180
2006 12 15 18 30 00     65.112     102.308     0.29985
2006 12 15 18 50 00     65.112     102.308     0.40148
2006 12 15 19 10 00     65.112     102.308     0.34636
2006 12 15 19 30 00     65.112     102.308     0.18975
2006 12 15 19 50 00     65.112     102.308     0.15681
2006 12 15 20 10 00     65.112     102.308     0.13376
2006 12 15 20 30 00     65.112     102.308     0.30558
2006 12 15 20 50 00     65.112     102.308     0.10692
2006 12 15 21 10 00     65.112     102.308     0.17156
2006 12 15 21 30 00     65.112     102.308     0.17134
2006 12 15 21 50 00     65.112     102.308     0.13592
2006 12 15 22 10 00     65.112     102.308     0.16385
2006 12 15 22 30 00     65.112     102.308     0.22503
2006 12 15 22 50 00     65.112     102.308     0.35332
2006 12 15 23 10 00     65.112     102.308     0.26413
2006 12 15 23 30 00     65.112     102.308     0.14632
2006 12 15 23 50 00     65.112     102.308     0.13312
