# run: Mean_20230628
# model: Mean
# Shielding angle [deg.]:      -90.0000
# North, East and vertical components of magnetic field
# Station: NEW
#Position (GEO): lon=       242.518 lat=      48.2710
Year Month Day Hour Min Sec GeomagLat GeomagLon dBdt_Horizonatl
[year] [month] [day] [hour] [min] [s] [deg] [deg] [nT/s]

2010 04 05 00 10 00     55.049     302.696     0.10145
2010 04 05 00 30 00     55.049     302.696     0.05249
2010 04 05 00 50 00     55.049     302.696     0.09095
2010 04 05 01 10 00     55.049     302.696     0.06958
2010 04 05 01 30 00     55.049     302.696     0.06574
2010 04 05 01 50 00     55.049     302.696     0.08405
2010 04 05 02 10 00     55.049     302.696     0.08805
2010 04 05 02 30 00     55.049     302.696     0.06179
2010 04 05 02 50 00     55.049     302.696     0.08274
2010 04 05 03 10 00     55.049     302.696     0.07853
2010 04 05 03 30 00     55.049     302.696     0.05703
2010 04 05 03 50 00     55.049     302.696     0.05789
2010 04 05 04 10 00     55.049     302.696     0.06466
2010 04 05 04 30 00     55.049     302.696     0.05094
2010 04 05 04 50 00     55.049     302.696     0.05445
2010 04 05 05 10 00     55.049     302.696     0.04883
2010 04 05 05 30 00     55.049     302.696     0.05710
2010 04 05 05 50 00     55.049     302.696     0.06581
2010 04 05 06 10 00     55.049     302.696     0.03309
2010 04 05 06 30 00     55.049     302.696     0.05486
2010 04 05 06 50 00     55.049     302.696     0.03644
2010 04 05 07 10 00     55.049     302.696     0.04649
2010 04 05 07 30 00     55.049     302.696     0.05928
2010 04 05 07 50 00     55.049     302.696     0.07664
2010 04 05 08 10 00     55.049     302.696     0.07091
2010 04 05 08 30 00     55.049     302.696     0.31034
2010 04 05 08 50 00     55.049     302.696     0.38080
2010 04 05 09 10 00     55.049     302.696     0.21740
2010 04 05 09 30 00     55.049     302.696     0.28241
2010 04 05 09 50 00     55.049     302.696     0.34079
2010 04 05 10 10 00     55.049     302.696     0.55601
2010 04 05 10 30 00     55.049     302.696     0.38703
2010 04 05 10 50 00     55.049     302.696     0.30136
2010 04 05 11 10 00     55.049     302.696     0.19769
2010 04 05 11 30 00     55.049     302.696     0.16752
2010 04 05 11 50 00     55.049     302.696     0.16471
2010 04 05 12 10 00     55.049     302.696     0.14011
2010 04 05 12 30 00     55.049     302.696     0.18439
2010 04 05 12 50 00     55.049     302.696     0.28867
2010 04 05 13 10 00     55.049     302.696     0.30543
2010 04 05 13 30 00     55.049     302.696     0.22011
2010 04 05 13 50 00     55.049     302.696     0.22859
2010 04 05 14 10 00     55.049     302.696     0.24082
2010 04 05 14 30 00     55.049     302.696     0.09545
2010 04 05 14 50 00     55.049     302.696     0.20363
2010 04 05 15 10 00     55.049     302.696     0.20644
2010 04 05 15 30 00     55.049     302.696     0.15179
2010 04 05 15 50 00     55.049     302.696     0.17680
2010 04 05 16 10 00     55.049     302.696     0.18661
2010 04 05 16 30 00     55.049     302.696     0.14842
2010 04 05 16 50 00     55.049     302.696     0.16935
2010 04 05 17 10 00     55.049     302.696     0.12201
2010 04 05 17 30 00     55.049     302.696     0.07557
2010 04 05 17 50 00     55.049     302.696     0.14031
2010 04 05 18 10 00     55.049     302.696     0.12890
2010 04 05 18 30 00     55.049     302.696     0.11886
2010 04 05 18 50 00     55.049     302.696     0.13486
2010 04 05 19 10 00     55.049     302.696     0.04330
2010 04 05 19 30 00     55.049     302.696     0.04215
2010 04 05 19 50 00     55.049     302.696     0.04843
2010 04 05 20 10 00     55.049     302.696     0.05026
2010 04 05 20 30 00     55.049     302.696     0.04577
2010 04 05 20 50 00     55.049     302.696     0.06753
2010 04 05 21 10 00     55.049     302.696     0.04840
2010 04 05 21 30 00     55.049     302.696     0.04735
2010 04 05 21 50 00     55.049     302.696     0.04987
2010 04 05 22 10 00     55.049     302.696     0.06151
2010 04 05 22 30 00     55.049     302.696     0.06372
2010 04 05 22 50 00     55.049     302.696     0.06211
2010 04 05 23 10 00     55.049     302.696     0.08568
2010 04 05 23 30 00     55.049     302.696     0.07137
2010 04 05 23 50 00     55.049     302.696     0.10596
