# run: Mean_20230628
# model: Mean
# Shielding angle [deg.]:      -90.0000
# North, East and vertical components of magnetic field
# Station: WNG
#Position (GEO): lon=       9.07300 lat=      53.7430
Year Month Day Hour Min Sec GeomagLat GeomagLon dBdt_Horizonatl
[year] [month] [day] [hour] [min] [s] [deg] [deg] [nT/s]

2010 04 05 00 10 00     50.166     86.996     0.04767
2010 04 05 00 30 00     50.166     86.996     0.03428
2010 04 05 00 50 00     50.166     86.996     0.04545
2010 04 05 01 10 00     50.166     86.996     0.03403
2010 04 05 01 30 00     50.166     86.996     0.03471
2010 04 05 01 50 00     50.166     86.996     0.03786
2010 04 05 02 10 00     50.166     86.996     0.04340
2010 04 05 02 30 00     50.166     86.996     0.03561
2010 04 05 02 50 00     50.166     86.996     0.03756
2010 04 05 03 10 00     50.166     86.996     0.04098
2010 04 05 03 30 00     50.166     86.996     0.04295
2010 04 05 03 50 00     50.166     86.996     0.04376
2010 04 05 04 10 00     50.166     86.996     0.04853
2010 04 05 04 30 00     50.166     86.996     0.03035
2010 04 05 04 50 00     50.166     86.996     0.03515
2010 04 05 05 10 00     50.166     86.996     0.04961
2010 04 05 05 30 00     50.166     86.996     0.05554
2010 04 05 05 50 00     50.166     86.996     0.07054
2010 04 05 06 10 00     50.166     86.996     0.03797
2010 04 05 06 30 00     50.166     86.996     0.04191
2010 04 05 06 50 00     50.166     86.996     0.03877
2010 04 05 07 10 00     50.166     86.996     0.07050
2010 04 05 07 30 00     50.166     86.996     0.08164
2010 04 05 07 50 00     50.166     86.996     0.05652
2010 04 05 08 10 00     50.166     86.996     0.07052
2010 04 05 08 30 00     50.166     86.996     0.70763
2010 04 05 08 50 00     50.166     86.996     0.37629
2010 04 05 09 10 00     50.166     86.996     0.34152
2010 04 05 09 30 00     50.166     86.996     0.35505
2010 04 05 09 50 00     50.166     86.996     0.27201
2010 04 05 10 10 00     50.166     86.996     0.53938
2010 04 05 10 30 00     50.166     86.996     0.17184
2010 04 05 10 50 00     50.166     86.996     0.12660
2010 04 05 11 10 00     50.166     86.996     0.10825
2010 04 05 11 30 00     50.166     86.996     0.12216
2010 04 05 11 50 00     50.166     86.996     0.10616
2010 04 05 12 10 00     50.166     86.996     0.18133
2010 04 05 12 30 00     50.166     86.996     0.18026
2010 04 05 12 50 00     50.166     86.996     0.23959
2010 04 05 13 10 00     50.166     86.996     0.44364
2010 04 05 13 30 00     50.166     86.996     0.17965
2010 04 05 13 50 00     50.166     86.996     0.23687
2010 04 05 14 10 00     50.166     86.996     0.22582
2010 04 05 14 30 00     50.166     86.996     0.17128
2010 04 05 14 50 00     50.166     86.996     0.18228
2010 04 05 15 10 00     50.166     86.996     0.15177
2010 04 05 15 30 00     50.166     86.996     0.17159
2010 04 05 15 50 00     50.166     86.996     0.17817
2010 04 05 16 10 00     50.166     86.996     0.12497
2010 04 05 16 30 00     50.166     86.996     0.12185
2010 04 05 16 50 00     50.166     86.996     0.13547
2010 04 05 17 10 00     50.166     86.996     0.12360
2010 04 05 17 30 00     50.166     86.996     0.08865
2010 04 05 17 50 00     50.166     86.996     0.11818
2010 04 05 18 10 00     50.166     86.996     0.13441
2010 04 05 18 30 00     50.166     86.996     0.11916
2010 04 05 18 50 00     50.166     86.996     0.14801
2010 04 05 19 10 00     50.166     86.996     0.07584
2010 04 05 19 30 00     50.166     86.996     0.04490
2010 04 05 19 50 00     50.166     86.996     0.07268
2010 04 05 20 10 00     50.166     86.996     0.05041
2010 04 05 20 30 00     50.166     86.996     0.06574
2010 04 05 20 50 00     50.166     86.996     0.06462
2010 04 05 21 10 00     50.166     86.996     0.06574
2010 04 05 21 30 00     50.166     86.996     0.05148
2010 04 05 21 50 00     50.166     86.996     0.09659
2010 04 05 22 10 00     50.166     86.996     0.05577
2010 04 05 22 30 00     50.166     86.996     0.06303
2010 04 05 22 50 00     50.166     86.996     0.07407
2010 04 05 23 10 00     50.166     86.996     0.04438
2010 04 05 23 30 00     50.166     86.996     0.07535
2010 04 05 23 50 00     50.166     86.996     0.06416
