# run: Mean_20230710
# model: Mean
# Shielding angle [deg.]:      -90.0000
# North, East and vertical components of magnetic field
# Station: NEW
#Position (GEO): lon=       18.240 lat=      68.3560
Year Month Day Hour Min Sec GeomagLat GeomagLon dBdt_Horizontal
[year] [month] [day] [hour] [min] [s] [deg] [deg] [nT/s] [nT/s] [nT/s]
2001 08 31 00 10 00     65.1120     102.300     0.01611     0.00     0.00
2001 08 31 00 30 00     65.1120     102.300     0.01948     0.00     0.00
2001 08 31 00 50 00     65.1120     102.300     0.01770     0.00     0.00
2001 08 31 01 10 00     65.1120     102.300     0.02487     0.00     0.00
2001 08 31 01 30 00     65.1120     102.300     0.03197     0.00     0.00
2001 08 31 01 50 00     65.1120     102.300     0.06300     0.00     0.00
2001 08 31 02 10 00     65.1120     102.300     0.03749     0.00     0.00
2001 08 31 02 30 00     65.1120     102.300     0.03708     0.00     0.00
2001 08 31 02 50 00     65.1120     102.300     0.03941     0.00     0.00
2001 08 31 03 10 00     65.1120     102.300     0.04474     0.00     0.00
2001 08 31 03 30 00     65.1120     102.300     0.03602     0.00     0.00
2001 08 31 03 50 00     65.1120     102.300     0.03617     0.00     0.00
2001 08 31 04 10 00     65.1120     102.300     0.03544     0.00     0.00
2001 08 31 04 30 00     65.1120     102.300     0.03712     0.00     0.00
2001 08 31 04 50 00     65.1120     102.300     0.02708     0.00     0.00
2001 08 31 05 10 00     65.1120     102.300     0.02307     0.00     0.00
2001 08 31 05 30 00     65.1120     102.300     0.03578     0.00     0.00
2001 08 31 05 50 00     65.1120     102.300     0.03117     0.00     0.00
2001 08 31 06 10 00     65.1120     102.300     0.04307     0.00     0.00
2001 08 31 06 30 00     65.1120     102.300     0.04226     0.00     0.00
2001 08 31 06 50 00     65.1120     102.300     0.04252     0.00     0.00
2001 08 31 07 10 00     65.1120     102.300     0.03850     0.00     0.00
2001 08 31 07 30 00     65.1120     102.300     0.03942     0.00     0.00
2001 08 31 07 50 00     65.1120     102.300     0.03885     0.00     0.00
2001 08 31 08 10 00     65.1120     102.300     0.04574     0.00     0.00
2001 08 31 08 30 00     65.1120     102.300     0.05986     0.00     0.00
2001 08 31 08 50 00     65.1120     102.300     0.05772     0.00     0.00
2001 08 31 09 10 00     65.1120     102.300     0.05108     0.00     0.00
2001 08 31 09 30 00     65.1120     102.300     0.05829     0.00     0.00
2001 08 31 09 50 00     65.1120     102.300     0.06922     0.00     0.00
2001 08 31 10 10 00     65.1120     102.300     0.04651     0.00     0.00
2001 08 31 10 30 00     65.1120     102.300     0.08590     0.00     0.00
2001 08 31 10 50 00     65.1120     102.300     0.07060     0.00     0.00
2001 08 31 11 10 00     65.1120     102.300     0.07564     0.00     0.00
2001 08 31 11 30 00     65.1120     102.300     0.02876     0.00     0.00
2001 08 31 11 50 00     65.1120     102.300     0.03149     0.00     0.00
2001 08 31 12 10 00     65.1120     102.300     0.03708     0.00     0.00
2001 08 31 12 30 00     65.1120     102.300     0.03868     0.00     0.00
2001 08 31 12 50 00     65.1120     102.300     0.03008     0.00     0.00
2001 08 31 13 10 00     65.1120     102.300     0.03576     0.00     0.00
2001 08 31 13 30 00     65.1120     102.300     0.02122     0.00     0.00
2001 08 31 13 50 00     65.1120     102.300     0.01008     0.00     0.00
2001 08 31 14 10 00     65.1120     102.300     0.01095     0.00     0.00
2001 08 31 14 30 00     65.1120     102.300     0.01331     0.00     0.00
2001 08 31 14 50 00     65.1120     102.300     0.01740     0.00     0.00
2001 08 31 15 10 00     65.1120     102.300     0.01792     0.00     0.00
2001 08 31 15 30 00     65.1120     102.300     0.01640     0.00     0.00
2001 08 31 15 50 00     65.1120     102.300     0.02721     0.00     0.00
2001 08 31 16 10 00     65.1120     102.300     0.02481     0.00     0.00
2001 08 31 16 30 00     65.1120     102.300     0.03853     0.00     0.00
2001 08 31 16 50 00     65.1120     102.300     0.06684     0.00     0.00
2001 08 31 17 10 00     65.1120     102.300     0.08806     0.00     0.00
2001 08 31 17 30 00     65.1120     102.300     0.08007     0.00     0.00
2001 08 31 17 50 00     65.1120     102.300     0.06136     0.00     0.00
2001 08 31 18 10 00     65.1120     102.300     0.02640     0.00     0.00
2001 08 31 18 30 00     65.1120     102.300     0.02222     0.00     0.00
2001 08 31 18 50 00     65.1120     102.300     0.03230     0.00     0.00
2001 08 31 19 10 00     65.1120     102.300     0.02912     0.00     0.00
2001 08 31 19 30 00     65.1120     102.300     0.03018     0.00     0.00
2001 08 31 19 50 00     65.1120     102.300     0.02115     0.00     0.00
2001 08 31 20 10 00     65.1120     102.300     0.02205     0.00     0.00
2001 08 31 20 30 00     65.1120     102.300     0.01712     0.00     0.00
2001 08 31 20 50 00     65.1120     102.300     0.02177     0.00     0.00
2001 08 31 21 10 00     65.1120     102.300     0.02100     0.00     0.00
2001 08 31 21 30 00     65.1120     102.300     0.02006     0.00     0.00
2001 08 31 21 50 00     65.1120     102.300     0.02364     0.00     0.00
2001 08 31 22 10 00     65.1120     102.300     0.02386     0.00     0.00
2001 08 31 22 30 00     65.1120     102.300     0.04312     0.00     0.00
2001 08 31 22 50 00     65.1120     102.300     0.03243     0.00     0.00
2001 08 31 23 10 00     65.1120     102.300     0.02803     0.00     0.00
2001 08 31 23 30 00     65.1120     102.300     0.02168     0.00     0.00
2001 08 31 23 50 00     65.1120     102.300     0.02293     0.00     0.00
