# run: Mean_20230628
# model: Mean
# Shielding angle [deg.]:      -90.0000
# North, East and vertical components of magnetic field
# Station: WNG
#Position (GEO): lon=       9.07300 lat=      53.7430
Year Month Day Hour Min Sec GeomagLat GeomagLon dBdt_Horizonatl
[year] [month] [day] [hour] [min] [s] [deg] [deg] [nT/s]

2005 08 31 10 10 00     50.166     86.996     0.05246
2005 08 31 10 30 00     50.166     86.996     0.05603
2005 08 31 10 50 00     50.166     86.996     0.12688
2005 08 31 11 10 00     50.166     86.996     0.06528
2005 08 31 11 30 00     50.166     86.996     0.04260
2005 08 31 11 50 00     50.166     86.996     0.06992
2005 08 31 12 10 00     50.166     86.996     0.08428
2005 08 31 12 30 00     50.166     86.996     0.06957
2005 08 31 12 50 00     50.166     86.996     0.14567
2005 08 31 13 10 00     50.166     86.996     0.18075
2005 08 31 13 30 00     50.166     86.996     0.10877
2005 08 31 13 50 00     50.166     86.996     0.18529
2005 08 31 14 10 00     50.166     86.996     0.20518
2005 08 31 14 30 00     50.166     86.996     0.12318
2005 08 31 14 50 00     50.166     86.996     0.19776
2005 08 31 15 10 00     50.166     86.996     0.20134
2005 08 31 15 30 00     50.166     86.996     0.24387
2005 08 31 15 50 00     50.166     86.996     0.13480
2005 08 31 16 10 00     50.166     86.996     0.13241
2005 08 31 16 30 00     50.166     86.996     0.14819
2005 08 31 16 50 00     50.166     86.996     0.20429
2005 08 31 17 10 00     50.166     86.996     0.19674
2005 08 31 17 30 00     50.166     86.996     0.20476
2005 08 31 17 50 00     50.166     86.996     0.21140
2005 08 31 18 10 00     50.166     86.996     0.20192
2005 08 31 18 30 00     50.166     86.996     0.15145
2005 08 31 18 50 00     50.166     86.996     0.10137
2005 08 31 19 10 00     50.166     86.996     0.13204
2005 08 31 19 30 00     50.166     86.996     0.15946
2005 08 31 19 50 00     50.166     86.996     0.11126
2005 08 31 20 10 00     50.166     86.996     0.07059
2005 08 31 20 30 00     50.166     86.996     0.20942
2005 08 31 20 50 00     50.166     86.996     0.09971
2005 08 31 21 10 00     50.166     86.996     0.10242
2005 08 31 21 30 00     50.166     86.996     0.08469
2005 08 31 21 50 00     50.166     86.996     0.14019
2005 08 31 22 10 00     50.166     86.996     0.14639
2005 08 31 22 30 00     50.166     86.996     0.10664
2005 08 31 22 50 00     50.166     86.996     0.22033
2005 08 31 23 10 00     50.166     86.996     0.08247
2005 08 31 23 30 00     50.166     86.996     0.08124
2005 08 31 23 50 00     50.166     86.996     0.09525
2005 09 01 00 10 00     50.166     86.996     0.10195
2005 09 01 00 30 00     50.166     86.996     0.09493
2005 09 01 00 50 00     50.166     86.996     0.07846
2005 09 01 01 10 00     50.166     86.996     0.10092
2005 09 01 01 30 00     50.166     86.996     0.06440
2005 09 01 01 50 00     50.166     86.996     0.03784
2005 09 01 02 10 00     50.166     86.996     0.03666
2005 09 01 02 30 00     50.166     86.996     0.05500
2005 09 01 02 50 00     50.166     86.996     0.06387
2005 09 01 03 10 00     50.166     86.996     0.07000
2005 09 01 03 30 00     50.166     86.996     0.03842
2005 09 01 03 50 00     50.166     86.996     0.03095
2005 09 01 04 10 00     50.166     86.996     0.03223
2005 09 01 04 30 00     50.166     86.996     0.04068
2005 09 01 04 50 00     50.166     86.996     0.04067
2005 09 01 05 10 00     50.166     86.996     0.03085
2005 09 01 05 30 00     50.166     86.996     0.03401
2005 09 01 05 50 00     50.166     86.996     0.04482
2005 09 01 06 10 00     50.166     86.996     0.04243
2005 09 01 06 30 00     50.166     86.996     0.04697
2005 09 01 06 50 00     50.166     86.996     0.05963
2005 09 01 07 10 00     50.166     86.996     0.03895
2005 09 01 07 30 00     50.166     86.996     0.04691
2005 09 01 07 50 00     50.166     86.996     0.07517
2005 09 01 08 10 00     50.166     86.996     0.07167
2005 09 01 08 30 00     50.166     86.996     0.06900
2005 09 01 08 50 00     50.166     86.996     0.06846
2005 09 01 09 10 00     50.166     86.996     0.15883
2005 09 01 09 30 00     50.166     86.996     0.16171
2005 09 01 09 50 00     50.166     86.996     0.06731
2005 09 01 10 10 00     50.166     86.996     0.06161
2005 09 01 10 30 00     50.166     86.996     0.05675
2005 09 01 10 50 00     50.166     86.996     0.04859
2005 09 01 11 10 00     50.166     86.996     0.04775
2005 09 01 11 30 00     50.166     86.996     0.05003
2005 09 01 11 50 00     50.166     86.996     0.10878
