# run: Median_20230628
# model: Median
# Shielding angle [deg.]:      -90.0000
# North, East and vertical components of magnetic field
# Station: NEW
#Position (GEO): lon=       242.880 lat=      48.2710
Year Month Day Hour Min Sec GeomagLat GeomagLon dBdt_Horizonatl
[year] [month] [day] [hour] [min] [s] [deg] [deg] [nT/s]

2005 08 31 10 10 00     55.049     302.696     0.06016
2005 08 31 10 30 00     55.049     302.696     0.08758
2005 08 31 10 50 00     55.049     302.696     0.10724
2005 08 31 11 10 00     55.049     302.696     0.05842
2005 08 31 11 30 00     55.049     302.696     0.04512
2005 08 31 11 50 00     55.049     302.696     0.06786
2005 08 31 12 10 00     55.049     302.696     0.09176
2005 08 31 12 30 00     55.049     302.696     0.08222
2005 08 31 12 50 00     55.049     302.696     0.07856
2005 08 31 13 10 00     55.049     302.696     0.15242
2005 08 31 13 30 00     55.049     302.696     0.16326
2005 08 31 13 50 00     55.049     302.696     0.08071
2005 08 31 14 10 00     55.049     302.696     0.12084
2005 08 31 14 30 00     55.049     302.696     0.12731
2005 08 31 14 50 00     55.049     302.696     0.11126
2005 08 31 15 10 00     55.049     302.696     0.11435
2005 08 31 15 30 00     55.049     302.696     0.13343
2005 08 31 15 50 00     55.049     302.696     0.05704
2005 08 31 16 10 00     55.049     302.696     0.08656
2005 08 31 16 30 00     55.049     302.696     0.14740
2005 08 31 16 50 00     55.049     302.696     0.24172
2005 08 31 17 10 00     55.049     302.696     0.11376
2005 08 31 17 30 00     55.049     302.696     0.16286
2005 08 31 17 50 00     55.049     302.696     0.15384
2005 08 31 18 10 00     55.049     302.696     0.16549
2005 08 31 18 30 00     55.049     302.696     0.15447
2005 08 31 18 50 00     55.049     302.696     0.14709
2005 08 31 19 10 00     55.049     302.696     0.13423
2005 08 31 19 30 00     55.049     302.696     0.11540
2005 08 31 19 50 00     55.049     302.696     0.13375
2005 08 31 20 10 00     55.049     302.696     0.07752
2005 08 31 20 30 00     55.049     302.696     0.08270
2005 08 31 20 50 00     55.049     302.696     0.06394
2005 08 31 21 10 00     55.049     302.696     0.08663
2005 08 31 21 30 00     55.049     302.696     0.10996
2005 08 31 21 50 00     55.049     302.696     0.06436
2005 08 31 22 10 00     55.049     302.696     0.04995
2005 08 31 22 30 00     55.049     302.696     0.07475
2005 08 31 22 50 00     55.049     302.696     0.13167
2005 08 31 23 10 00     55.049     302.696     0.08220
2005 08 31 23 30 00     55.049     302.696     0.07304
2005 08 31 23 50 00     55.049     302.696     0.13773
2005 09 01 00 10 00     55.049     302.696     0.11541
2005 09 01 00 30 00     55.049     302.696     0.06795
2005 09 01 00 50 00     55.049     302.696     0.12317
2005 09 01 01 10 00     55.049     302.696     0.19361
2005 09 01 01 30 00     55.049     302.696     0.10024
2005 09 01 01 50 00     55.049     302.696     0.08204
2005 09 01 02 10 00     55.049     302.696     0.09287
2005 09 01 02 30 00     55.049     302.696     0.08598
2005 09 01 02 50 00     55.049     302.696     0.07947
2005 09 01 03 10 00     55.049     302.696     0.07301
2005 09 01 03 30 00     55.049     302.696     0.04390
2005 09 01 03 50 00     55.049     302.696     0.05669
2005 09 01 04 10 00     55.049     302.696     0.03842
2005 09 01 04 30 00     55.049     302.696     0.03844
2005 09 01 04 50 00     55.049     302.696     0.06335
2005 09 01 05 10 00     55.049     302.696     0.04854
2005 09 01 05 30 00     55.049     302.696     0.03175
2005 09 01 05 50 00     55.049     302.696     0.03881
2005 09 01 06 10 00     55.049     302.696     0.03622
2005 09 01 06 30 00     55.049     302.696     0.04398
2005 09 01 06 50 00     55.049     302.696     0.04133
2005 09 01 07 10 00     55.049     302.696     0.02979
2005 09 01 07 30 00     55.049     302.696     0.05428
2005 09 01 07 50 00     55.049     302.696     0.05074
2005 09 01 08 10 00     55.049     302.696     0.04100
2005 09 01 08 30 00     55.049     302.696     0.03176
2005 09 01 08 50 00     55.049     302.696     0.04770
2005 09 01 09 10 00     55.049     302.696     0.03419
2005 09 01 09 30 00     55.049     302.696     0.03325
2005 09 01 09 50 00     55.049     302.696     0.04093
2005 09 01 10 10 00     55.049     302.696     0.03650
2005 09 01 10 30 00     55.049     302.696     0.03631
2005 09 01 10 50 00     55.049     302.696     0.04030
2005 09 01 11 10 00     55.049     302.696     0.03881
2005 09 01 11 30 00     55.049     302.696     0.03656
2005 09 01 11 50 00     55.049     302.696     0.04149
