# run: Median_20230628
# model: Median
# Shielding angle [deg.]:      -90.0000
# North, East and vertical components of magnetic field
# Station: OTT
#Position (GEO): lon=       284.447 lat=      45.4030
Year Month Day Hour Min Sec GeomagLat GeomagLon dBdt_Horizonatl
[year] [month] [day] [hour] [min] [s] [deg] [deg] [nT/s]

2005 08 31 10 10 00     56.326     0.748     0.05836
2005 08 31 10 30 00     56.326     0.748     0.06600
2005 08 31 10 50 00     56.326     0.748     0.14198
2005 08 31 11 10 00     56.326     0.748     0.06294
2005 08 31 11 30 00     56.326     0.748     0.05416
2005 08 31 11 50 00     56.326     0.748     0.07923
2005 08 31 12 10 00     56.326     0.748     0.11758
2005 08 31 12 30 00     56.326     0.748     0.08370
2005 08 31 12 50 00     56.326     0.748     0.06867
2005 08 31 13 10 00     56.326     0.748     0.13508
2005 08 31 13 30 00     56.326     0.748     0.13804
2005 08 31 13 50 00     56.326     0.748     0.22974
2005 08 31 14 10 00     56.326     0.748     0.12299
2005 08 31 14 30 00     56.326     0.748     0.17564
2005 08 31 14 50 00     56.326     0.748     0.14180
2005 08 31 15 10 00     56.326     0.748     0.10559
2005 08 31 15 30 00     56.326     0.748     0.12350
2005 08 31 15 50 00     56.326     0.748     0.05201
2005 08 31 16 10 00     56.326     0.748     0.09169
2005 08 31 16 30 00     56.326     0.748     0.08837
2005 08 31 16 50 00     56.326     0.748     0.08542
2005 08 31 17 10 00     56.326     0.748     0.08754
2005 08 31 17 30 00     56.326     0.748     0.10606
2005 08 31 17 50 00     56.326     0.748     0.09695
2005 08 31 18 10 00     56.326     0.748     0.15444
2005 08 31 18 30 00     56.326     0.748     0.12736
2005 08 31 18 50 00     56.326     0.748     0.11401
2005 08 31 19 10 00     56.326     0.748     0.18520
2005 08 31 19 30 00     56.326     0.748     0.25996
2005 08 31 19 50 00     56.326     0.748     0.09213
2005 08 31 20 10 00     56.326     0.748     0.09615
2005 08 31 20 30 00     56.326     0.748     0.13632
2005 08 31 20 50 00     56.326     0.748     0.17157
2005 08 31 21 10 00     56.326     0.748     0.16860
2005 08 31 21 30 00     56.326     0.748     0.10648
2005 08 31 21 50 00     56.326     0.748     0.15654
2005 08 31 22 10 00     56.326     0.748     0.14186
2005 08 31 22 30 00     56.326     0.748     0.11691
2005 08 31 22 50 00     56.326     0.748     0.20408
2005 08 31 23 10 00     56.326     0.748     0.13089
2005 08 31 23 30 00     56.326     0.748     0.09691
2005 08 31 23 50 00     56.326     0.748     0.16505
2005 09 01 00 10 00     56.326     0.748     0.09115
2005 09 01 00 30 00     56.326     0.748     0.09624
2005 09 01 00 50 00     56.326     0.748     0.09553
2005 09 01 01 10 00     56.326     0.748     0.17003
2005 09 01 01 30 00     56.326     0.748     0.09273
2005 09 01 01 50 00     56.326     0.748     0.06173
2005 09 01 02 10 00     56.326     0.748     0.06434
2005 09 01 02 30 00     56.326     0.748     0.09978
2005 09 01 02 50 00     56.326     0.748     0.10169
2005 09 01 03 10 00     56.326     0.748     0.06238
2005 09 01 03 30 00     56.326     0.748     0.05437
2005 09 01 03 50 00     56.326     0.748     0.10322
2005 09 01 04 10 00     56.326     0.748     0.04530
2005 09 01 04 30 00     56.326     0.748     0.02878
2005 09 01 04 50 00     56.326     0.748     0.04886
2005 09 01 05 10 00     56.326     0.748     0.05696
2005 09 01 05 30 00     56.326     0.748     0.03171
2005 09 01 05 50 00     56.326     0.748     0.05243
2005 09 01 06 10 00     56.326     0.748     0.05328
2005 09 01 06 30 00     56.326     0.748     0.04632
2005 09 01 06 50 00     56.326     0.748     0.03156
2005 09 01 07 10 00     56.326     0.748     0.03018
2005 09 01 07 30 00     56.326     0.748     0.05302
2005 09 01 07 50 00     56.326     0.748     0.07670
2005 09 01 08 10 00     56.326     0.748     0.05593
2005 09 01 08 30 00     56.326     0.748     0.02607
2005 09 01 08 50 00     56.326     0.748     0.03891
2005 09 01 09 10 00     56.326     0.748     0.02395
2005 09 01 09 30 00     56.326     0.748     0.04422
2005 09 01 09 50 00     56.326     0.748     0.04258
2005 09 01 10 10 00     56.326     0.748     0.04985
2005 09 01 10 30 00     56.326     0.748     0.02851
2005 09 01 10 50 00     56.326     0.748     0.03457
2005 09 01 11 10 00     56.326     0.748     0.03791
2005 09 01 11 30 00     56.326     0.748     0.03869
2005 09 01 11 50 00     56.326     0.748     0.03734
