# run: Median_20230628
# model: Median
# Shielding angle [deg.]:      -90.0000
# North, East and vertical components of magnetic field
# Station: YKC
#Position (GEO): lon=        lat=      
Year Month Day Hour Min Sec GeomagLat GeomagLon dBdt_Horizonatl
[year] [month] [day] [hour] [min] [s] [deg] [deg] [nT/s]

2005 08 31 10 10 00     65.112     102.308     0.17684
2005 08 31 10 30 00     65.112     102.308     0.12519
2005 08 31 10 50 00     65.112     102.308     0.27669
2005 08 31 11 10 00     65.112     102.308     0.15837
2005 08 31 11 30 00     65.112     102.308     0.12434
2005 08 31 11 50 00     65.112     102.308     0.17343
2005 08 31 12 10 00     65.112     102.308     0.22223
2005 08 31 12 30 00     65.112     102.308     0.24762
2005 08 31 12 50 00     65.112     102.308     0.26369
2005 08 31 13 10 00     65.112     102.308     0.33555
2005 08 31 13 30 00     65.112     102.308     0.40001
2005 08 31 13 50 00     65.112     102.308     0.25057
2005 08 31 14 10 00     65.112     102.308     0.28625
2005 08 31 14 30 00     65.112     102.308     0.34826
2005 08 31 14 50 00     65.112     102.308     0.25174
2005 08 31 15 10 00     65.112     102.308     0.23331
2005 08 31 15 30 00     65.112     102.308     0.23134
2005 08 31 15 50 00     65.112     102.308     0.17740
2005 08 31 16 10 00     65.112     102.308     0.24247
2005 08 31 16 30 00     65.112     102.308     0.22032
2005 08 31 16 50 00     65.112     102.308     0.42135
2005 08 31 17 10 00     65.112     102.308     0.28647
2005 08 31 17 30 00     65.112     102.308     0.45512
2005 08 31 17 50 00     65.112     102.308     0.21777
2005 08 31 18 10 00     65.112     102.308     0.29814
2005 08 31 18 30 00     65.112     102.308     0.26345
2005 08 31 18 50 00     65.112     102.308     0.28244
2005 08 31 19 10 00     65.112     102.308     0.30588
2005 08 31 19 30 00     65.112     102.308     0.34335
2005 08 31 19 50 00     65.112     102.308     0.26544
2005 08 31 20 10 00     65.112     102.308     0.34308
2005 08 31 20 30 00     65.112     102.308     0.33428
2005 08 31 20 50 00     65.112     102.308     0.25253
2005 08 31 21 10 00     65.112     102.308     0.17859
2005 08 31 21 30 00     65.112     102.308     0.30018
2005 08 31 21 50 00     65.112     102.308     0.23222
2005 08 31 22 10 00     65.112     102.308     0.36458
2005 08 31 22 30 00     65.112     102.308     0.19340
2005 08 31 22 50 00     65.112     102.308     0.42212
2005 08 31 23 10 00     65.112     102.308     0.30698
2005 08 31 23 30 00     65.112     102.308     0.28239
2005 08 31 23 50 00     65.112     102.308     0.26788
2005 09 01 00 10 00     65.112     102.308     0.31034
2005 09 01 00 30 00     65.112     102.308     0.15077
2005 09 01 00 50 00     65.112     102.308     0.13649
2005 09 01 01 10 00     65.112     102.308     0.60438
2005 09 01 01 30 00     65.112     102.308     0.19676
2005 09 01 01 50 00     65.112     102.308     0.17509
2005 09 01 02 10 00     65.112     102.308     0.24476
2005 09 01 02 30 00     65.112     102.308     0.13477
2005 09 01 02 50 00     65.112     102.308     0.17336
2005 09 01 03 10 00     65.112     102.308     0.16507
2005 09 01 03 30 00     65.112     102.308     0.14535
2005 09 01 03 50 00     65.112     102.308     0.12740
2005 09 01 04 10 00     65.112     102.308     0.12011
2005 09 01 04 30 00     65.112     102.308     0.10293
2005 09 01 04 50 00     65.112     102.308     0.14573
2005 09 01 05 10 00     65.112     102.308     0.18566
2005 09 01 05 30 00     65.112     102.308     0.11186
2005 09 01 05 50 00     65.112     102.308     0.11158
2005 09 01 06 10 00     65.112     102.308     0.12027
2005 09 01 06 30 00     65.112     102.308     0.09342
2005 09 01 06 50 00     65.112     102.308     0.09624
2005 09 01 07 10 00     65.112     102.308     0.07584
2005 09 01 07 30 00     65.112     102.308     0.06886
2005 09 01 07 50 00     65.112     102.308     0.09419
2005 09 01 08 10 00     65.112     102.308     0.08243
2005 09 01 08 30 00     65.112     102.308     0.16273
2005 09 01 08 50 00     65.112     102.308     0.48018
2005 09 01 09 10 00     65.112     102.308     0.09570
2005 09 01 09 30 00     65.112     102.308     0.08931
2005 09 01 09 50 00     65.112     102.308     0.12025
2005 09 01 10 10 00     65.112     102.308     0.13699
2005 09 01 10 30 00     65.112     102.308     0.14088
2005 09 01 10 50 00     65.112     102.308     0.19380
2005 09 01 11 10 00     65.112     102.308     0.09061
2005 09 01 11 30 00     65.112     102.308     0.10601
2005 09 01 11 50 00     65.112     102.308     0.09843
