# run: Mean_20230626
# model: Mean
# Shielding angle [deg.]:      -90.0000
# North, East and vertical components of magnetic field
# Station: YKC
#Position (GEO): lon=        lat=      
Year Month Day Hour Min Sec GeomagLat GeomagLon dBdt_Horizonatl
[year] [month] [day] [hour] [min] [s] [deg] [deg] [nT/s]

2010 04 05 00 10 00     65.112     102.308     0.18808
2010 04 05 00 30 00     65.112     102.308     0.13168
2010 04 05 00 50 00     65.112     102.308     0.26398
2010 04 05 01 10 00     65.112     102.308     0.14786
2010 04 05 01 30 00     65.112     102.308     0.19167
2010 04 05 01 50 00     65.112     102.308     0.22812
2010 04 05 02 10 00     65.112     102.308     0.18795
2010 04 05 02 30 00     65.112     102.308     0.11819
2010 04 05 02 50 00     65.112     102.308     0.17791
2010 04 05 03 10 00     65.112     102.308     0.14346
2010 04 05 03 30 00     65.112     102.308     0.14009
2010 04 05 03 50 00     65.112     102.308     0.13842
2010 04 05 04 10 00     65.112     102.308     0.15949
2010 04 05 04 30 00     65.112     102.308     0.12764
2010 04 05 04 50 00     65.112     102.308     0.11618
2010 04 05 05 10 00     65.112     102.308     0.13251
2010 04 05 05 30 00     65.112     102.308     0.13510
2010 04 05 05 50 00     65.112     102.308     0.15339
2010 04 05 06 10 00     65.112     102.308     0.07684
2010 04 05 06 30 00     65.112     102.308     0.06671
2010 04 05 06 50 00     65.112     102.308     0.07057
2010 04 05 07 10 00     65.112     102.308     0.17956
2010 04 05 07 30 00     65.112     102.308     0.26549
2010 04 05 07 50 00     65.112     102.308     0.17971
2010 04 05 08 10 00     65.112     102.308     0.21146
2010 04 05 08 30 00     65.112     102.308     1.05540
2010 04 05 08 50 00     65.112     102.308     0.89775
2010 04 05 09 10 00     65.112     102.308     0.43628
2010 04 05 09 30 00     65.112     102.308     0.65783
2010 04 05 09 50 00     65.112     102.308     0.56410
2010 04 05 10 10 00     65.112     102.308     1.05327
2010 04 05 10 30 00     65.112     102.308     0.47774
2010 04 05 10 50 00     65.112     102.308     0.46615
2010 04 05 11 10 00     65.112     102.308     0.44752
2010 04 05 11 30 00     65.112     102.308     0.37755
2010 04 05 11 50 00     65.112     102.308     0.43323
2010 04 05 12 10 00     65.112     102.308     0.24838
2010 04 05 12 30 00     65.112     102.308     0.50671
2010 04 05 12 50 00     65.112     102.308     0.86539
2010 04 05 13 10 00     65.112     102.308     1.03003
2010 04 05 13 30 00     65.112     102.308     0.76016
2010 04 05 13 50 00     65.112     102.308     1.01034
2010 04 05 14 10 00     65.112     102.308     0.73921
2010 04 05 14 30 00     65.112     102.308     0.48205
2010 04 05 14 50 00     65.112     102.308     0.61464
2010 04 05 15 10 00     65.112     102.308     0.40600
2010 04 05 15 30 00     65.112     102.308     0.38050
2010 04 05 15 50 00     65.112     102.308     0.40949
2010 04 05 16 10 00     65.112     102.308     0.56752
2010 04 05 16 30 00     65.112     102.308     0.39791
2010 04 05 16 50 00     65.112     102.308     0.36418
2010 04 05 17 10 00     65.112     102.308     0.50248
2010 04 05 17 30 00     65.112     102.308     0.24935
2010 04 05 17 50 00     65.112     102.308     0.46070
2010 04 05 18 10 00     65.112     102.308     0.26704
2010 04 05 18 30 00     65.112     102.308     0.35698
2010 04 05 18 50 00     65.112     102.308     0.47114
2010 04 05 19 10 00     65.112     102.308     0.12141
2010 04 05 19 30 00     65.112     102.308     0.15914
2010 04 05 19 50 00     65.112     102.308     0.18008
2010 04 05 20 10 00     65.112     102.308     0.16027
2010 04 05 20 30 00     65.112     102.308     0.21607
2010 04 05 20 50 00     65.112     102.308     0.32643
2010 04 05 21 10 00     65.112     102.308     0.15326
2010 04 05 21 30 00     65.112     102.308     0.14109
2010 04 05 21 50 00     65.112     102.308     0.14045
2010 04 05 22 10 00     65.112     102.308     0.15652
2010 04 05 22 30 00     65.112     102.308     0.14506
2010 04 05 22 50 00     65.112     102.308     0.14198
2010 04 05 23 10 00     65.112     102.308     0.11076
2010 04 05 23 30 00     65.112     102.308     0.16460
2010 04 05 23 50 00     65.112     102.308     0.22792
