# run: Mean_20230628
# model: Mean
# Shielding angle [deg.]:      -90.0000
# North, East and vertical components of magnetic field
# Station: NEW
#Position (GEO): lon=       242.518 lat=      48.2710
Year Month Day Hour Min Sec GeomagLat GeomagLon dBdt_Horizonatl
[year] [month] [day] [hour] [min] [s] [deg] [deg] [nT/s]

2005 08 31 10 10 00     55.049     302.696     0.05822
2005 08 31 10 30 00     55.049     302.696     0.07915
2005 08 31 10 50 00     55.049     302.696     0.09556
2005 08 31 11 10 00     55.049     302.696     0.06741
2005 08 31 11 30 00     55.049     302.696     0.04518
2005 08 31 11 50 00     55.049     302.696     0.06902
2005 08 31 12 10 00     55.049     302.696     0.12424
2005 08 31 12 30 00     55.049     302.696     0.10292
2005 08 31 12 50 00     55.049     302.696     0.07392
2005 08 31 13 10 00     55.049     302.696     0.11211
2005 08 31 13 30 00     55.049     302.696     0.14456
2005 08 31 13 50 00     55.049     302.696     0.12473
2005 08 31 14 10 00     55.049     302.696     0.16050
2005 08 31 14 30 00     55.049     302.696     0.15674
2005 08 31 14 50 00     55.049     302.696     0.19449
2005 08 31 15 10 00     55.049     302.696     0.15166
2005 08 31 15 30 00     55.049     302.696     0.19738
2005 08 31 15 50 00     55.049     302.696     0.15373
2005 08 31 16 10 00     55.049     302.696     0.15435
2005 08 31 16 30 00     55.049     302.696     0.18110
2005 08 31 16 50 00     55.049     302.696     0.19541
2005 08 31 17 10 00     55.049     302.696     0.17760
2005 08 31 17 30 00     55.049     302.696     0.26957
2005 08 31 17 50 00     55.049     302.696     0.18689
2005 08 31 18 10 00     55.049     302.696     0.19217
2005 08 31 18 30 00     55.049     302.696     0.20551
2005 08 31 18 50 00     55.049     302.696     0.15440
2005 08 31 19 10 00     55.049     302.696     0.19012
2005 08 31 19 30 00     55.049     302.696     0.19050
2005 08 31 19 50 00     55.049     302.696     0.17951
2005 08 31 20 10 00     55.049     302.696     0.11726
2005 08 31 20 30 00     55.049     302.696     0.17578
2005 08 31 20 50 00     55.049     302.696     0.24037
2005 08 31 21 10 00     55.049     302.696     0.13852
2005 08 31 21 30 00     55.049     302.696     0.12549
2005 08 31 21 50 00     55.049     302.696     0.17002
2005 08 31 22 10 00     55.049     302.696     0.17678
2005 08 31 22 30 00     55.049     302.696     0.18293
2005 08 31 22 50 00     55.049     302.696     0.15928
2005 08 31 23 10 00     55.049     302.696     0.10879
2005 08 31 23 30 00     55.049     302.696     0.08189
2005 08 31 23 50 00     55.049     302.696     0.11795
2005 09 01 00 10 00     55.049     302.696     0.10262
2005 09 01 00 30 00     55.049     302.696     0.09238
2005 09 01 00 50 00     55.049     302.696     0.13280
2005 09 01 01 10 00     55.049     302.696     0.19392
2005 09 01 01 30 00     55.049     302.696     0.12247
2005 09 01 01 50 00     55.049     302.696     0.08869
2005 09 01 02 10 00     55.049     302.696     0.08685
2005 09 01 02 30 00     55.049     302.696     0.11352
2005 09 01 02 50 00     55.049     302.696     0.06876
2005 09 01 03 10 00     55.049     302.696     0.07358
2005 09 01 03 30 00     55.049     302.696     0.06394
2005 09 01 03 50 00     55.049     302.696     0.05419
2005 09 01 04 10 00     55.049     302.696     0.05109
2005 09 01 04 30 00     55.049     302.696     0.04615
2005 09 01 04 50 00     55.049     302.696     0.06200
2005 09 01 05 10 00     55.049     302.696     0.06408
2005 09 01 05 30 00     55.049     302.696     0.04338
2005 09 01 05 50 00     55.049     302.696     0.04458
2005 09 01 06 10 00     55.049     302.696     0.03237
2005 09 01 06 30 00     55.049     302.696     0.05492
2005 09 01 06 50 00     55.049     302.696     0.06355
2005 09 01 07 10 00     55.049     302.696     0.04504
2005 09 01 07 30 00     55.049     302.696     0.05142
2005 09 01 07 50 00     55.049     302.696     0.05760
2005 09 01 08 10 00     55.049     302.696     0.05617
2005 09 01 08 30 00     55.049     302.696     0.12349
2005 09 01 08 50 00     55.049     302.696     0.05942
2005 09 01 09 10 00     55.049     302.696     0.10386
2005 09 01 09 30 00     55.049     302.696     0.11263
2005 09 01 09 50 00     55.049     302.696     0.06404
2005 09 01 10 10 00     55.049     302.696     0.04612
2005 09 01 10 30 00     55.049     302.696     0.04741
2005 09 01 10 50 00     55.049     302.696     0.05019
2005 09 01 11 10 00     55.049     302.696     0.05022
2005 09 01 11 30 00     55.049     302.696     0.04400
2005 09 01 11 50 00     55.049     302.696     0.05215
