# run: Median_20230628
# model: Median
# Shielding angle [deg.]:      -90.0000
# North, East and vertical components of magnetic field
# Station: ABK
#Position (GEO): lon=       18.8240 lat=      68.3560
Year Month Day Hour Min Sec GeomagLat GeomagLon dBdt_Horizonatl
[year] [month] [day] [hour] [min] [s] [deg] [deg] [nT/s]

2005 08 31 10 10 00     65.112     102.308     0.11760
2005 08 31 10 30 00     65.112     102.308     0.11710
2005 08 31 10 50 00     65.112     102.308     0.31264
2005 08 31 11 10 00     65.112     102.308     0.18586
2005 08 31 11 30 00     65.112     102.308     0.11556
2005 08 31 11 50 00     65.112     102.308     0.22459
2005 08 31 12 10 00     65.112     102.308     0.31724
2005 08 31 12 30 00     65.112     102.308     0.19038
2005 08 31 12 50 00     65.112     102.308     0.18598
2005 08 31 13 10 00     65.112     102.308     0.33541
2005 08 31 13 30 00     65.112     102.308     0.17692
2005 08 31 13 50 00     65.112     102.308     0.20241
2005 08 31 14 10 00     65.112     102.308     0.28431
2005 08 31 14 30 00     65.112     102.308     0.20875
2005 08 31 14 50 00     65.112     102.308     0.28728
2005 08 31 15 10 00     65.112     102.308     0.42568
2005 08 31 15 30 00     65.112     102.308     0.24114
2005 08 31 15 50 00     65.112     102.308     0.41451
2005 08 31 16 10 00     65.112     102.308     0.30097
2005 08 31 16 30 00     65.112     102.308     0.26373
2005 08 31 16 50 00     65.112     102.308     0.50696
2005 08 31 17 10 00     65.112     102.308     0.20230
2005 08 31 17 30 00     65.112     102.308     0.16768
2005 08 31 17 50 00     65.112     102.308     0.88232
2005 08 31 18 10 00     65.112     102.308     0.68269
2005 08 31 18 30 00     65.112     102.308     0.23870
2005 08 31 18 50 00     65.112     102.308     0.32313
2005 08 31 19 10 00     65.112     102.308     0.26434
2005 08 31 19 30 00     65.112     102.308     0.44889
2005 08 31 19 50 00     65.112     102.308     0.42765
2005 08 31 20 10 00     65.112     102.308     0.19964
2005 08 31 20 30 00     65.112     102.308     0.18685
2005 08 31 20 50 00     65.112     102.308     0.27131
2005 08 31 21 10 00     65.112     102.308     0.24221
2005 08 31 21 30 00     65.112     102.308     0.14513
2005 08 31 21 50 00     65.112     102.308     0.19147
2005 08 31 22 10 00     65.112     102.308     0.25333
2005 08 31 22 30 00     65.112     102.308     0.28319
2005 08 31 22 50 00     65.112     102.308     0.45611
2005 08 31 23 10 00     65.112     102.308     0.59489
2005 08 31 23 30 00     65.112     102.308     0.16782
2005 08 31 23 50 00     65.112     102.308     0.24921
2005 09 01 00 10 00     65.112     102.308     0.27142
2005 09 01 00 30 00     65.112     102.308     0.36213
2005 09 01 00 50 00     65.112     102.308     0.61928
2005 09 01 01 10 00     65.112     102.308     0.26979
2005 09 01 01 30 00     65.112     102.308     0.31379
2005 09 01 01 50 00     65.112     102.308     0.19730
2005 09 01 02 10 00     65.112     102.308     0.22159
2005 09 01 02 30 00     65.112     102.308     0.42403
2005 09 01 02 50 00     65.112     102.308     0.24504
2005 09 01 03 10 00     65.112     102.308     0.27592
2005 09 01 03 30 00     65.112     102.308     0.22617
2005 09 01 03 50 00     65.112     102.308     0.19880
2005 09 01 04 10 00     65.112     102.308     0.17466
2005 09 01 04 30 00     65.112     102.308     0.18755
2005 09 01 04 50 00     65.112     102.308     0.10918
2005 09 01 05 10 00     65.112     102.308     nan
2005 09 01 05 30 00     65.112     102.308     0.07917
2005 09 01 05 50 00     65.112     102.308     0.12032
2005 09 01 06 10 00     65.112     102.308     0.09494
2005 09 01 06 30 00     65.112     102.308     0.12285
2005 09 01 06 50 00     65.112     102.308     0.12132
2005 09 01 07 10 00     65.112     102.308     0.08046
2005 09 01 07 30 00     65.112     102.308     0.05882
2005 09 01 07 50 00     65.112     102.308     0.06073
2005 09 01 08 10 00     65.112     102.308     0.13360
2005 09 01 08 30 00     65.112     102.308     0.09058
2005 09 01 08 50 00     65.112     102.308     0.08411
2005 09 01 09 10 00     65.112     102.308     0.08516
2005 09 01 09 30 00     65.112     102.308     0.13416
2005 09 01 09 50 00     65.112     102.308     0.07302
2005 09 01 10 10 00     65.112     102.308     0.08130
2005 09 01 10 30 00     65.112     102.308     0.08350
2005 09 01 10 50 00     65.112     102.308     0.12975
2005 09 01 11 10 00     65.112     102.308     0.09458
2005 09 01 11 30 00     65.112     102.308     0.08169
2005 09 01 11 50 00     65.112     102.308     0.09175
