# run: Median_20230628
# model: Median
# Shielding angle [deg.]:      -90.0000
# North, East and vertical components of magnetic field
# Station: PBQ
#Position (GEO): lon=       282.255 lat=      55.2780
Year Month Day Hour Min Sec GeomagLat GeomagLon dBdt_Horizonatl
[year] [month] [day] [hour] [min] [s] [deg] [deg] [nT/s]

2005 08 31 10 10 00     66.108     358.408     0.16889
2005 08 31 10 30 00     66.108     358.408     0.17864
2005 08 31 10 50 00     66.108     358.408     0.41676
2005 08 31 11 10 00     66.108     358.408     0.11786
2005 08 31 11 30 00     66.108     358.408     0.11004
2005 08 31 11 50 00     66.108     358.408     0.20552
2005 08 31 12 10 00     66.108     358.408     0.22173
2005 08 31 12 30 00     66.108     358.408     0.22342
2005 08 31 12 50 00     66.108     358.408     0.16714
2005 08 31 13 10 00     66.108     358.408     0.16533
2005 08 31 13 30 00     66.108     358.408     0.25198
2005 08 31 13 50 00     66.108     358.408     0.16623
2005 08 31 14 10 00     66.108     358.408     0.16247
2005 08 31 14 30 00     66.108     358.408     0.21120
2005 08 31 14 50 00     66.108     358.408     0.21460
2005 08 31 15 10 00     66.108     358.408     0.12598
2005 08 31 15 30 00     66.108     358.408     0.19079
2005 08 31 15 50 00     66.108     358.408     0.13420
2005 08 31 16 10 00     66.108     358.408     0.20409
2005 08 31 16 30 00     66.108     358.408     0.23387
2005 08 31 16 50 00     66.108     358.408     0.29548
2005 08 31 17 10 00     66.108     358.408     0.26091
2005 08 31 17 30 00     66.108     358.408     0.23220
2005 08 31 17 50 00     66.108     358.408     0.29286
2005 08 31 18 10 00     66.108     358.408     0.44320
2005 08 31 18 30 00     66.108     358.408     0.37790
2005 08 31 18 50 00     66.108     358.408     0.19793
2005 08 31 19 10 00     66.108     358.408     0.35077
2005 08 31 19 30 00     66.108     358.408     0.39663
2005 08 31 19 50 00     66.108     358.408     0.43070
2005 08 31 20 10 00     66.108     358.408     0.36203
2005 08 31 20 30 00     66.108     358.408     0.29651
2005 08 31 20 50 00     66.108     358.408     0.24722
2005 08 31 21 10 00     66.108     358.408     0.13414
2005 08 31 21 30 00     66.108     358.408     0.29735
2005 08 31 21 50 00     66.108     358.408     0.20183
2005 08 31 22 10 00     66.108     358.408     0.29335
2005 08 31 22 30 00     66.108     358.408     0.22041
2005 08 31 22 50 00     66.108     358.408     0.40864
2005 08 31 23 10 00     66.108     358.408     0.32577
2005 08 31 23 30 00     66.108     358.408     0.21555
2005 08 31 23 50 00     66.108     358.408     0.23304
2005 09 01 00 10 00     66.108     358.408     0.24925
2005 09 01 00 30 00     66.108     358.408     0.48367
2005 09 01 00 50 00     66.108     358.408     0.31143
2005 09 01 01 10 00     66.108     358.408     0.34912
2005 09 01 01 30 00     66.108     358.408     0.19778
2005 09 01 01 50 00     66.108     358.408     0.11470
2005 09 01 02 10 00     66.108     358.408     0.17976
2005 09 01 02 30 00     66.108     358.408     0.23569
2005 09 01 02 50 00     66.108     358.408     0.21932
2005 09 01 03 10 00     66.108     358.408     0.20724
2005 09 01 03 30 00     66.108     358.408     0.24740
2005 09 01 03 50 00     66.108     358.408     0.19680
2005 09 01 04 10 00     66.108     358.408     0.21501
2005 09 01 04 30 00     66.108     358.408     0.14499
2005 09 01 04 50 00     66.108     358.408     0.16279
2005 09 01 05 10 00     66.108     358.408     0.13126
2005 09 01 05 30 00     66.108     358.408     0.12140
2005 09 01 05 50 00     66.108     358.408     0.13049
2005 09 01 06 10 00     66.108     358.408     0.15859
2005 09 01 06 30 00     66.108     358.408     0.16908
2005 09 01 06 50 00     66.108     358.408     0.06634
2005 09 01 07 10 00     66.108     358.408     0.10050
2005 09 01 07 30 00     66.108     358.408     0.09835
2005 09 01 07 50 00     66.108     358.408     0.09990
2005 09 01 08 10 00     66.108     358.408     0.09860
2005 09 01 08 30 00     66.108     358.408     0.19373
2005 09 01 08 50 00     66.108     358.408     0.17157
2005 09 01 09 10 00     66.108     358.408     0.08522
2005 09 01 09 30 00     66.108     358.408     0.06658
2005 09 01 09 50 00     66.108     358.408     0.12128
2005 09 01 10 10 00     66.108     358.408     0.13002
2005 09 01 10 30 00     66.108     358.408     0.12416
2005 09 01 10 50 00     66.108     358.408     0.09919
2005 09 01 11 10 00     66.108     358.408     0.12211
2005 09 01 11 30 00     66.108     358.408     0.14143
2005 09 01 11 50 00     66.108     358.408     0.08887
