# run: Median_20230628
# model: Median
# Shielding angle [deg.]:      -90.0000
# North, East and vertical components of magnetic field
# Station: WNG
#Position (GEO): lon=       9.07300 lat=      53.7430
Year Month Day Hour Min Sec GeomagLat GeomagLon dBdt_Horizonatl
[year] [month] [day] [hour] [min] [s] [deg] [deg] [nT/s]

2005 08 31 10 10 00     50.166     86.996     0.06014
2005 08 31 10 30 00     50.166     86.996     0.05931
2005 08 31 10 50 00     50.166     86.996     0.11901
2005 08 31 11 10 00     50.166     86.996     0.04589
2005 08 31 11 30 00     50.166     86.996     0.03735
2005 08 31 11 50 00     50.166     86.996     0.05366
2005 08 31 12 10 00     50.166     86.996     0.08784
2005 08 31 12 30 00     50.166     86.996     0.07389
2005 08 31 12 50 00     50.166     86.996     0.06230
2005 08 31 13 10 00     50.166     86.996     0.23652
2005 08 31 13 30 00     50.166     86.996     0.06301
2005 08 31 13 50 00     50.166     86.996     0.12607
2005 08 31 14 10 00     50.166     86.996     0.06463
2005 08 31 14 30 00     50.166     86.996     0.11352
2005 08 31 14 50 00     50.166     86.996     0.11108
2005 08 31 15 10 00     50.166     86.996     0.05738
2005 08 31 15 30 00     50.166     86.996     0.20845
2005 08 31 15 50 00     50.166     86.996     0.10341
2005 08 31 16 10 00     50.166     86.996     0.08531
2005 08 31 16 30 00     50.166     86.996     0.12279
2005 08 31 16 50 00     50.166     86.996     0.10722
2005 08 31 17 10 00     50.166     86.996     0.22831
2005 08 31 17 30 00     50.166     86.996     0.21656
2005 08 31 17 50 00     50.166     86.996     0.18209
2005 08 31 18 10 00     50.166     86.996     0.21601
2005 08 31 18 30 00     50.166     86.996     0.13766
2005 08 31 18 50 00     50.166     86.996     0.09285
2005 08 31 19 10 00     50.166     86.996     0.12001
2005 08 31 19 30 00     50.166     86.996     0.13117
2005 08 31 19 50 00     50.166     86.996     0.13092
2005 08 31 20 10 00     50.166     86.996     0.07430
2005 08 31 20 30 00     50.166     86.996     0.08488
2005 08 31 20 50 00     50.166     86.996     0.09339
2005 08 31 21 10 00     50.166     86.996     0.05608
2005 08 31 21 30 00     50.166     86.996     0.06963
2005 08 31 21 50 00     50.166     86.996     0.15907
2005 08 31 22 10 00     50.166     86.996     0.05670
2005 08 31 22 30 00     50.166     86.996     0.09982
2005 08 31 22 50 00     50.166     86.996     0.08640
2005 08 31 23 10 00     50.166     86.996     0.06160
2005 08 31 23 30 00     50.166     86.996     0.08922
2005 08 31 23 50 00     50.166     86.996     0.09152
2005 09 01 00 10 00     50.166     86.996     0.03282
2005 09 01 00 30 00     50.166     86.996     0.06732
2005 09 01 00 50 00     50.166     86.996     0.06420
2005 09 01 01 10 00     50.166     86.996     0.06009
2005 09 01 01 30 00     50.166     86.996     0.03023
2005 09 01 01 50 00     50.166     86.996     0.03514
2005 09 01 02 10 00     50.166     86.996     0.03630
2005 09 01 02 30 00     50.166     86.996     0.03746
2005 09 01 02 50 00     50.166     86.996     0.08816
2005 09 01 03 10 00     50.166     86.996     0.06861
2005 09 01 03 30 00     50.166     86.996     0.02901
2005 09 01 03 50 00     50.166     86.996     0.03134
2005 09 01 04 10 00     50.166     86.996     0.03554
2005 09 01 04 30 00     50.166     86.996     0.03192
2005 09 01 04 50 00     50.166     86.996     0.04434
2005 09 01 05 10 00     50.166     86.996     0.02573
2005 09 01 05 30 00     50.166     86.996     0.02145
2005 09 01 05 50 00     50.166     86.996     0.03271
2005 09 01 06 10 00     50.166     86.996     0.02862
2005 09 01 06 30 00     50.166     86.996     0.04956
2005 09 01 06 50 00     50.166     86.996     0.06611
2005 09 01 07 10 00     50.166     86.996     0.03892
2005 09 01 07 30 00     50.166     86.996     0.04419
2005 09 01 07 50 00     50.166     86.996     0.03034
2005 09 01 08 10 00     50.166     86.996     0.05729
2005 09 01 08 30 00     50.166     86.996     0.03777
2005 09 01 08 50 00     50.166     86.996     0.03934
2005 09 01 09 10 00     50.166     86.996     0.05736
2005 09 01 09 30 00     50.166     86.996     0.05129
2005 09 01 09 50 00     50.166     86.996     0.04336
2005 09 01 10 10 00     50.166     86.996     0.03071
2005 09 01 10 30 00     50.166     86.996     0.02639
2005 09 01 10 50 00     50.166     86.996     0.04118
2005 09 01 11 10 00     50.166     86.996     0.03201
2005 09 01 11 30 00     50.166     86.996     0.02739
2005 09 01 11 50 00     50.166     86.996     0.04600
