# run: Mean_20230628
# model: Mean
# Shielding angle [deg.]:      -90.0000
# North, East and vertical components of magnetic field
# Station: ABK
#Position (GEO): lon=       18.8240 lat=      68.3560
Year Month Day Hour Min Sec GeomagLat GeomagLon dBdt_Horizonatl
[year] [month] [day] [hour] [min] [s] [deg] [deg] [nT/s]

2005 08 31 10 10 00     65.112     102.308     0.11932
2005 08 31 10 30 00     65.112     102.308     0.17241
2005 08 31 10 50 00     65.112     102.308     0.28409
2005 08 31 11 10 00     65.112     102.308     0.19706
2005 08 31 11 30 00     65.112     102.308     0.13487
2005 08 31 11 50 00     65.112     102.308     0.23198
2005 08 31 12 10 00     65.112     102.308     0.30086
2005 08 31 12 30 00     65.112     102.308     0.18414
2005 08 31 12 50 00     65.112     102.308     0.32314
2005 08 31 13 10 00     65.112     102.308     0.55609
2005 08 31 13 30 00     65.112     102.308     0.34204
2005 08 31 13 50 00     65.112     102.308     0.41624
2005 08 31 14 10 00     65.112     102.308     0.85612
2005 08 31 14 30 00     65.112     102.308     0.33075
2005 08 31 14 50 00     65.112     102.308     0.85313
2005 08 31 15 10 00     65.112     102.308     0.79039
2005 08 31 15 30 00     65.112     102.308     0.51892
2005 08 31 15 50 00     65.112     102.308     0.40692
2005 08 31 16 10 00     65.112     102.308     0.59322
2005 08 31 16 30 00     65.112     102.308     0.99079
2005 08 31 16 50 00     65.112     102.308     0.59505
2005 08 31 17 10 00     65.112     102.308     0.72311
2005 08 31 17 30 00     65.112     102.308     0.28293
2005 08 31 17 50 00     65.112     102.308     1.03616
2005 08 31 18 10 00     65.112     102.308     0.52982
2005 08 31 18 30 00     65.112     102.308     0.33848
2005 08 31 18 50 00     65.112     102.308     0.31840
2005 08 31 19 10 00     65.112     102.308     0.30164
2005 08 31 19 30 00     65.112     102.308     0.70942
2005 08 31 19 50 00     65.112     102.308     0.43926
2005 08 31 20 10 00     65.112     102.308     0.27210
2005 08 31 20 30 00     65.112     102.308     0.58604
2005 08 31 20 50 00     65.112     102.308     0.57180
2005 08 31 21 10 00     65.112     102.308     0.46370
2005 08 31 21 30 00     65.112     102.308     0.34187
2005 08 31 21 50 00     65.112     102.308     0.44334
2005 08 31 22 10 00     65.112     102.308     0.53226
2005 08 31 22 30 00     65.112     102.308     0.35930
2005 08 31 22 50 00     65.112     102.308     0.58641
2005 08 31 23 10 00     65.112     102.308     0.63235
2005 08 31 23 30 00     65.112     102.308     0.26609
2005 08 31 23 50 00     65.112     102.308     0.33795
2005 09 01 00 10 00     65.112     102.308     0.53933
2005 09 01 00 30 00     65.112     102.308     0.41233
2005 09 01 00 50 00     65.112     102.308     0.51955
2005 09 01 01 10 00     65.112     102.308     0.36215
2005 09 01 01 30 00     65.112     102.308     0.37241
2005 09 01 01 50 00     65.112     102.308     0.21914
2005 09 01 02 10 00     65.112     102.308     0.34940
2005 09 01 02 30 00     65.112     102.308     0.41688
2005 09 01 02 50 00     65.112     102.308     0.29867
2005 09 01 03 10 00     65.112     102.308     0.38244
2005 09 01 03 30 00     65.112     102.308     0.18764
2005 09 01 03 50 00     65.112     102.308     0.22389
2005 09 01 04 10 00     65.112     102.308     0.26147
2005 09 01 04 30 00     65.112     102.308     0.33024
2005 09 01 04 50 00     65.112     102.308     0.15288
2005 09 01 05 10 00     65.112     102.308     nan
2005 09 01 05 30 00     65.112     102.308     0.14829
2005 09 01 05 50 00     65.112     102.308     0.14910
2005 09 01 06 10 00     65.112     102.308     0.13290
2005 09 01 06 30 00     65.112     102.308     0.12884
2005 09 01 06 50 00     65.112     102.308     0.12436
2005 09 01 07 10 00     65.112     102.308     0.14135
2005 09 01 07 30 00     65.112     102.308     0.11980
2005 09 01 07 50 00     65.112     102.308     0.17508
2005 09 01 08 10 00     65.112     102.308     0.22237
2005 09 01 08 30 00     65.112     102.308     0.22357
2005 09 01 08 50 00     65.112     102.308     0.19375
2005 09 01 09 10 00     65.112     102.308     0.25957
2005 09 01 09 30 00     65.112     102.308     0.25270
2005 09 01 09 50 00     65.112     102.308     0.16101
2005 09 01 10 10 00     65.112     102.308     0.12863
2005 09 01 10 30 00     65.112     102.308     0.09667
2005 09 01 10 50 00     65.112     102.308     0.17426
2005 09 01 11 10 00     65.112     102.308     0.18903
2005 09 01 11 30 00     65.112     102.308     0.26790
2005 09 01 11 50 00     65.112     102.308     0.30157
