# run: Mean_20230628
# model: Mean
# Shielding angle [deg.]:      -90.0000
# North, East and vertical components of magnetic field
# Station: OTT
#Position (GEO): lon=       284.447 lat=      45.4030
Year Month Day Hour Min Sec GeomagLat GeomagLon dBdt_Horizonatl
[year] [month] [day] [hour] [min] [s] [deg] [deg] [nT/s]

2005 08 31 10 10 00     56.326     0.748     0.06078
2005 08 31 10 30 00     56.326     0.748     0.09022
2005 08 31 10 50 00     56.326     0.748     0.13461
2005 08 31 11 10 00     56.326     0.748     0.06052
2005 08 31 11 30 00     56.326     0.748     0.06293
2005 08 31 11 50 00     56.326     0.748     0.09445
2005 08 31 12 10 00     56.326     0.748     0.10299
2005 08 31 12 30 00     56.326     0.748     0.12786
2005 08 31 12 50 00     56.326     0.748     0.11420
2005 08 31 13 10 00     56.326     0.748     0.13767
2005 08 31 13 30 00     56.326     0.748     0.13725
2005 08 31 13 50 00     56.326     0.748     0.18909
2005 08 31 14 10 00     56.326     0.748     0.19688
2005 08 31 14 30 00     56.326     0.748     0.18161
2005 08 31 14 50 00     56.326     0.748     0.17306
2005 08 31 15 10 00     56.326     0.748     0.16765
2005 08 31 15 30 00     56.326     0.748     0.16271
2005 08 31 15 50 00     56.326     0.748     0.15739
2005 08 31 16 10 00     56.326     0.748     0.16695
2005 08 31 16 30 00     56.326     0.748     0.14076
2005 08 31 16 50 00     56.326     0.748     0.12865
2005 08 31 17 10 00     56.326     0.748     0.15845
2005 08 31 17 30 00     56.326     0.748     0.11015
2005 08 31 17 50 00     56.326     0.748     0.19929
2005 08 31 18 10 00     56.326     0.748     0.18869
2005 08 31 18 30 00     56.326     0.748     0.23410
2005 08 31 18 50 00     56.326     0.748     0.17122
2005 08 31 19 10 00     56.326     0.748     0.21579
2005 08 31 19 30 00     56.326     0.748     0.21878
2005 08 31 19 50 00     56.326     0.748     0.12163
2005 08 31 20 10 00     56.326     0.748     0.11036
2005 08 31 20 30 00     56.326     0.748     0.17432
2005 08 31 20 50 00     56.326     0.748     0.26069
2005 08 31 21 10 00     56.326     0.748     0.16423
2005 08 31 21 30 00     56.326     0.748     0.19229
2005 08 31 21 50 00     56.326     0.748     0.20432
2005 08 31 22 10 00     56.326     0.748     0.24351
2005 08 31 22 30 00     56.326     0.748     0.15873
2005 08 31 22 50 00     56.326     0.748     0.16991
2005 08 31 23 10 00     56.326     0.748     0.12187
2005 08 31 23 30 00     56.326     0.748     0.08778
2005 08 31 23 50 00     56.326     0.748     0.14622
2005 09 01 00 10 00     56.326     0.748     0.16058
2005 09 01 00 30 00     56.326     0.748     0.12469
2005 09 01 00 50 00     56.326     0.748     0.10707
2005 09 01 01 10 00     56.326     0.748     0.15237
2005 09 01 01 30 00     56.326     0.748     0.10258
2005 09 01 01 50 00     56.326     0.748     0.06885
2005 09 01 02 10 00     56.326     0.748     0.09615
2005 09 01 02 30 00     56.326     0.748     0.13231
2005 09 01 02 50 00     56.326     0.748     0.11015
2005 09 01 03 10 00     56.326     0.748     0.09813
2005 09 01 03 30 00     56.326     0.748     0.06438
2005 09 01 03 50 00     56.326     0.748     0.09741
2005 09 01 04 10 00     56.326     0.748     0.07278
2005 09 01 04 30 00     56.326     0.748     0.04596
2005 09 01 04 50 00     56.326     0.748     0.05465
2005 09 01 05 10 00     56.326     0.748     0.05781
2005 09 01 05 30 00     56.326     0.748     0.03685
2005 09 01 05 50 00     56.326     0.748     0.04175
2005 09 01 06 10 00     56.326     0.748     0.04418
2005 09 01 06 30 00     56.326     0.748     0.04632
2005 09 01 06 50 00     56.326     0.748     0.06069
2005 09 01 07 10 00     56.326     0.748     0.05755
2005 09 01 07 30 00     56.326     0.748     0.06319
2005 09 01 07 50 00     56.326     0.748     0.05595
2005 09 01 08 10 00     56.326     0.748     0.05342
2005 09 01 08 30 00     56.326     0.748     0.06747
2005 09 01 08 50 00     56.326     0.748     0.04879
2005 09 01 09 10 00     56.326     0.748     0.10553
2005 09 01 09 30 00     56.326     0.748     0.09709
2005 09 01 09 50 00     56.326     0.748     0.04024
2005 09 01 10 10 00     56.326     0.748     0.04446
2005 09 01 10 30 00     56.326     0.748     0.05917
2005 09 01 10 50 00     56.326     0.748     0.06811
2005 09 01 11 10 00     56.326     0.748     0.05796
2005 09 01 11 30 00     56.326     0.748     0.04366
2005 09 01 11 50 00     56.326     0.748     0.07719
