# run: Mean_20230628
# model: Mean
# Shielding angle [deg.]:      -90.0000
# North, East and vertical components of magnetic field
# Station: PBQ
#Position (GEO): lon=       282.255 lat=      55.2780
Year Month Day Hour Min Sec GeomagLat GeomagLon dBdt_Horizonatl
[year] [month] [day] [hour] [min] [s] [deg] [deg] [nT/s]

2005 08 31 10 10 00     66.108     358.408     0.18546
2005 08 31 10 30 00     66.108     358.408     0.20340
2005 08 31 10 50 00     66.108     358.408     0.40881
2005 08 31 11 10 00     66.108     358.408     0.20164
2005 08 31 11 30 00     66.108     358.408     0.14418
2005 08 31 11 50 00     66.108     358.408     0.22300
2005 08 31 12 10 00     66.108     358.408     0.24879
2005 08 31 12 30 00     66.108     358.408     0.25629
2005 08 31 12 50 00     66.108     358.408     0.17217
2005 08 31 13 10 00     66.108     358.408     0.31333
2005 08 31 13 30 00     66.108     358.408     0.33700
2005 08 31 13 50 00     66.108     358.408     0.34649
2005 08 31 14 10 00     66.108     358.408     0.35590
2005 08 31 14 30 00     66.108     358.408     0.23963
2005 08 31 14 50 00     66.108     358.408     0.20240
2005 08 31 15 10 00     66.108     358.408     0.28212
2005 08 31 15 30 00     66.108     358.408     0.21350
2005 08 31 15 50 00     66.108     358.408     0.17475
2005 08 31 16 10 00     66.108     358.408     0.19155
2005 08 31 16 30 00     66.108     358.408     0.27881
2005 08 31 16 50 00     66.108     358.408     0.26910
2005 08 31 17 10 00     66.108     358.408     0.48267
2005 08 31 17 30 00     66.108     358.408     0.73276
2005 08 31 17 50 00     66.108     358.408     0.76777
2005 08 31 18 10 00     66.108     358.408     0.32888
2005 08 31 18 30 00     66.108     358.408     0.38831
2005 08 31 18 50 00     66.108     358.408     0.30182
2005 08 31 19 10 00     66.108     358.408     0.41078
2005 08 31 19 30 00     66.108     358.408     0.43191
2005 08 31 19 50 00     66.108     358.408     0.46459
2005 08 31 20 10 00     66.108     358.408     0.30640
2005 08 31 20 30 00     66.108     358.408     0.57624
2005 08 31 20 50 00     66.108     358.408     0.26556
2005 08 31 21 10 00     66.108     358.408     0.23759
2005 08 31 21 30 00     66.108     358.408     0.53453
2005 08 31 21 50 00     66.108     358.408     0.49689
2005 08 31 22 10 00     66.108     358.408     0.84290
2005 08 31 22 30 00     66.108     358.408     0.61615
2005 08 31 22 50 00     66.108     358.408     0.33633
2005 08 31 23 10 00     66.108     358.408     0.35814
2005 08 31 23 30 00     66.108     358.408     0.22775
2005 08 31 23 50 00     66.108     358.408     0.24951
2005 09 01 00 10 00     66.108     358.408     0.32829
2005 09 01 00 30 00     66.108     358.408     0.37792
2005 09 01 00 50 00     66.108     358.408     0.41325
2005 09 01 01 10 00     66.108     358.408     0.49883
2005 09 01 01 30 00     66.108     358.408     0.36662
2005 09 01 01 50 00     66.108     358.408     0.30203
2005 09 01 02 10 00     66.108     358.408     0.22020
2005 09 01 02 30 00     66.108     358.408     0.47758
2005 09 01 02 50 00     66.108     358.408     0.26127
2005 09 01 03 10 00     66.108     358.408     0.60890
2005 09 01 03 30 00     66.108     358.408     0.22445
2005 09 01 03 50 00     66.108     358.408     0.35643
2005 09 01 04 10 00     66.108     358.408     0.53913
2005 09 01 04 30 00     66.108     358.408     0.14757
2005 09 01 04 50 00     66.108     358.408     0.18517
2005 09 01 05 10 00     66.108     358.408     0.21289
2005 09 01 05 30 00     66.108     358.408     0.11106
2005 09 01 05 50 00     66.108     358.408     0.13956
2005 09 01 06 10 00     66.108     358.408     0.16343
2005 09 01 06 30 00     66.108     358.408     0.20880
2005 09 01 06 50 00     66.108     358.408     0.21643
2005 09 01 07 10 00     66.108     358.408     0.22842
2005 09 01 07 30 00     66.108     358.408     0.23347
2005 09 01 07 50 00     66.108     358.408     0.32398
2005 09 01 08 10 00     66.108     358.408     0.12028
2005 09 01 08 30 00     66.108     358.408     0.25460
2005 09 01 08 50 00     66.108     358.408     0.24072
2005 09 01 09 10 00     66.108     358.408     0.15239
2005 09 01 09 30 00     66.108     358.408     0.18063
2005 09 01 09 50 00     66.108     358.408     0.13105
2005 09 01 10 10 00     66.108     358.408     0.16000
2005 09 01 10 30 00     66.108     358.408     0.12335
2005 09 01 10 50 00     66.108     358.408     0.11455
2005 09 01 11 10 00     66.108     358.408     0.13297
2005 09 01 11 30 00     66.108     358.408     0.14211
2005 09 01 11 50 00     66.108     358.408     0.21317
