# run: Mean_20230710
# model: Mean
# Shielding angle [deg.]:      -90.0000
# North, East and vertical components of magnetic field
# Station: NEW
#Position (GEO): lon=       18.240 lat=      68.3560
Year Month Day Hour Min Sec GeomagLat GeomagLon dBdt_Horizontal
[year] [month] [day] [hour] [min] [s] [deg] [deg] [nT/s] [nT/s] [nT/s]
2003 10 29 06 10 00     65.1120     102.300     1.11197     0.00     0.00
2003 10 29 06 30 00     65.1120     102.300     2.13480     0.00     0.00
2003 10 29 06 50 00     65.1120     102.300     5.64685     0.00     0.00
2003 10 29 07 10 00     65.1120     102.300     4.33133     0.00     0.00
2003 10 29 07 30 00     65.1120     102.300     1.75267     0.00     0.00
2003 10 29 07 50 00     65.1120     102.300     1.25072     0.00     0.00
2003 10 29 08 10 00     65.1120     102.300     1.66371     0.00     0.00
2003 10 29 08 30 00     65.1120     102.300     2.23150     0.00     0.00
2003 10 29 08 50 00     65.1120     102.300     1.14869     0.00     0.00
2003 10 29 09 10 00     65.1120     102.300     3.30707     0.00     0.00
2003 10 29 09 30 00     65.1120     102.300     1.77703     0.00     0.00
2003 10 29 09 50 00     65.1120     102.300     2.09911     0.00     0.00
2003 10 29 10 10 00     65.1120     102.300     0.83202     0.00     0.00
2003 10 29 10 30 00     65.1120     102.300     1.18487     0.00     0.00
2003 10 29 10 50 00     65.1120     102.300     2.83346     0.00     0.00
2003 10 29 11 10 00     65.1120     102.300     1.55063     0.00     0.00
2003 10 29 11 30 00     65.1120     102.300     0.82337     0.00     0.00
2003 10 29 11 50 00     65.1120     102.300     1.90431     0.00     0.00
2003 10 29 12 10 00     65.1120     102.300     0.71397     0.00     0.00
2003 10 29 12 30 00     65.1120     102.300     0.76927     0.00     0.00
2003 10 29 12 50 00     65.1120     102.300     0.41624     0.00     0.00
2003 10 29 13 10 00     65.1120     102.300     0.28452     0.00     0.00
2003 10 29 13 30 00     65.1120     102.300     0.73785     0.00     0.00
2003 10 29 13 50 00     65.1120     102.300     0.43436     0.00     0.00
2003 10 29 14 10 00     65.1120     102.300     0.47836     0.00     0.00
2003 10 29 14 30 00     65.1120     102.300     0.73266     0.00     0.00
2003 10 29 14 50 00     65.1120     102.300     0.60948     0.00     0.00
2003 10 29 15 10 00     65.1120     102.300     0.60722     0.00     0.00
2003 10 29 15 30 00     65.1120     102.300     0.59508     0.00     0.00
2003 10 29 15 50 00     65.1120     102.300     0.69442     0.00     0.00
2003 10 29 16 10 00     65.1120     102.300     0.58450     0.00     0.00
2003 10 29 16 30 00     65.1120     102.300     0.43881     0.00     0.00
2003 10 29 16 50 00     65.1120     102.300     0.48488     0.00     0.00
2003 10 29 17 10 00     65.1120     102.300     0.48847     0.00     0.00
2003 10 29 17 30 00     65.1120     102.300     0.42778     0.00     0.00
2003 10 29 17 50 00     65.1120     102.300     0.57433     0.00     0.00
2003 10 29 18 10 00     65.1120     102.300     0.46719     0.00     0.00
2003 10 29 18 30 00     65.1120     102.300     0.89516     0.00     0.00
2003 10 29 18 50 00     65.1120     102.300     0.43908     0.00     0.00
2003 10 29 19 10 00     65.1120     102.300     0.74761     0.00     0.00
2003 10 29 19 30 00     65.1120     102.300     0.81897     0.00     0.00
2003 10 29 19 50 00     65.1120     102.300     0.99123     0.00     0.00
2003 10 29 20 10 00     65.1120     102.300     0.73819     0.00     0.00
2003 10 29 20 30 00     65.1120     102.300     0.66862     0.00     0.00
2003 10 29 20 50 00     65.1120     102.300     1.32884     0.00     0.00
2003 10 29 21 10 00     65.1120     102.300     1.57265     0.00     0.00
2003 10 29 21 30 00     65.1120     102.300     1.60392     0.00     0.00
2003 10 29 21 50 00     65.1120     102.300     0.93742     0.00     0.00
2003 10 29 22 10 00     65.1120     102.300     0.70483     0.00     0.00
2003 10 29 22 30 00     65.1120     102.300     0.76413     0.00     0.00
2003 10 29 22 50 00     65.1120     102.300     0.71848     0.00     0.00
2003 10 29 23 10 00     65.1120     102.300     1.50862     0.00     0.00
2003 10 29 23 30 00     65.1120     102.300     1.13307     0.00     0.00
2003 10 29 23 50 00     65.1120     102.300     1.43462     0.00     0.00
2003 10 30 00 10 00     65.1120     102.300     0.58896     0.00     0.00
2003 10 30 00 30 00     65.1120     102.300     0.72774     0.00     0.00
2003 10 30 00 50 00     65.1120     102.300     0.75772     0.00     0.00
2003 10 30 01 10 00     65.1120     102.300     0.45946     0.00     0.00
2003 10 30 01 30 00     65.1120     102.300     0.46672     0.00     0.00
2003 10 30 01 50 00     65.1120     102.300     0.71842     0.00     0.00
2003 10 30 02 10 00     65.1120     102.300     0.44457     0.00     0.00
2003 10 30 02 30 00     65.1120     102.300     0.45516     0.00     0.00
2003 10 30 02 50 00     65.1120     102.300     0.48926     0.00     0.00
2003 10 30 03 10 00     65.1120     102.300     0.33398     0.00     0.00
2003 10 30 03 30 00     65.1120     102.300     0.32024     0.00     0.00
2003 10 30 03 50 00     65.1120     102.300     0.18019     0.00     0.00
2003 10 30 04 10 00     65.1120     102.300     0.11480     0.00     0.00
2003 10 30 04 30 00     65.1120     102.300     0.15540     0.00     0.00
2003 10 30 04 50 00     65.1120     102.300     0.19605     0.00     0.00
2003 10 30 05 10 00     65.1120     102.300     0.49529     0.00     0.00
2003 10 30 05 30 00     65.1120     102.300     0.37680     0.00     0.00
2003 10 30 05 50 00     65.1120     102.300     0.27287     0.00     0.00
