# run: Mean_20230628
# model: Mean
# Shielding angle [deg.]:      -90.0000
# North, East and vertical components of magnetic field
# Station: OTT
#Position (GEO): lon=       284.447 lat=      45.4030
Year Month Day Hour Min Sec GeomagLat GeomagLon dBdt_Horizonatl
[year] [month] [day] [hour] [min] [s] [deg] [deg] [nT/s]

2003 10 29 06 10 00     56.326     0.748     1.07461
2003 10 29 06 30 00     56.326     0.748     2.15167
2003 10 29 06 50 00     56.326     0.748     3.40168
2003 10 29 07 10 00     56.326     0.748     4.90385
2003 10 29 07 30 00     56.326     0.748     2.64877
2003 10 29 07 50 00     56.326     0.748     1.31143
2003 10 29 08 10 00     56.326     0.748     1.89177
2003 10 29 08 30 00     56.326     0.748     3.24829
2003 10 29 08 50 00     56.326     0.748     1.41189
2003 10 29 09 10 00     56.326     0.748     1.96796
2003 10 29 09 30 00     56.326     0.748     1.76277
2003 10 29 09 50 00     56.326     0.748     1.12270
2003 10 29 10 10 00     56.326     0.748     0.55245
2003 10 29 10 30 00     56.326     0.748     0.85431
2003 10 29 10 50 00     56.326     0.748     1.70813
2003 10 29 11 10 00     56.326     0.748     0.50642
2003 10 29 11 30 00     56.326     0.748     0.70341
2003 10 29 11 50 00     56.326     0.748     0.87878
2003 10 29 12 10 00     56.326     0.748     0.52253
2003 10 29 12 30 00     56.326     0.748     0.42213
2003 10 29 12 50 00     56.326     0.748     0.44236
2003 10 29 13 10 00     56.326     0.748     0.36783
2003 10 29 13 30 00     56.326     0.748     0.61752
2003 10 29 13 50 00     56.326     0.748     0.64507
2003 10 29 14 10 00     56.326     0.748     0.59437
2003 10 29 14 30 00     56.326     0.748     0.72988
2003 10 29 14 50 00     56.326     0.748     0.50203
2003 10 29 15 10 00     56.326     0.748     0.51199
2003 10 29 15 30 00     56.326     0.748     0.58834
2003 10 29 15 50 00     56.326     0.748     0.62193
2003 10 29 16 10 00     56.326     0.748     0.38001
2003 10 29 16 30 00     56.326     0.748     0.33310
2003 10 29 16 50 00     56.326     0.748     0.31612
2003 10 29 17 10 00     56.326     0.748     0.32798
2003 10 29 17 30 00     56.326     0.748     0.29076
2003 10 29 17 50 00     56.326     0.748     0.47646
2003 10 29 18 10 00     56.326     0.748     0.38226
2003 10 29 18 30 00     56.326     0.748     1.03123
2003 10 29 18 50 00     56.326     0.748     0.89884
2003 10 29 19 10 00     56.326     0.748     0.61238
2003 10 29 19 30 00     56.326     0.748     0.81128
2003 10 29 19 50 00     56.326     0.748     1.08537
2003 10 29 20 10 00     56.326     0.748     1.11490
2003 10 29 20 30 00     56.326     0.748     1.19356
2003 10 29 20 50 00     56.326     0.748     1.14526
2003 10 29 21 10 00     56.326     0.748     0.73373
2003 10 29 21 30 00     56.326     0.748     0.73692
2003 10 29 21 50 00     56.326     0.748     0.55601
2003 10 29 22 10 00     56.326     0.748     0.77557
2003 10 29 22 30 00     56.326     0.748     0.56082
2003 10 29 22 50 00     56.326     0.748     0.52314
2003 10 29 23 10 00     56.326     0.748     0.59198
2003 10 29 23 30 00     56.326     0.748     0.64534
2003 10 29 23 50 00     56.326     0.748     0.50506
2003 10 30 00 10 00     56.326     0.748     0.41861
2003 10 30 00 30 00     56.326     0.748     0.33820
2003 10 30 00 50 00     56.326     0.748     0.55715
2003 10 30 01 10 00     56.326     0.748     0.62301
2003 10 30 01 30 00     56.326     0.748     0.40683
2003 10 30 01 50 00     56.326     0.748     0.79535
2003 10 30 02 10 00     56.326     0.748     0.58297
2003 10 30 02 30 00     56.326     0.748     0.80466
2003 10 30 02 50 00     56.326     0.748     0.96258
2003 10 30 03 10 00     56.326     0.748     1.04542
2003 10 30 03 30 00     56.326     0.748     0.32803
2003 10 30 03 50 00     56.326     0.748     0.29817
2003 10 30 04 10 00     56.326     0.748     0.11720
2003 10 30 04 30 00     56.326     0.748     0.17740
2003 10 30 04 50 00     56.326     0.748     0.18860
2003 10 30 05 10 00     56.326     0.748     0.37479
2003 10 30 05 30 00     56.326     0.748     0.32891
2003 10 30 05 50 00     56.326     0.748     0.28130
