# run: Mean_20230628
# model: Mean
# Shielding angle [deg.]:      -90.0000
# North, East and vertical components of magnetic field
# Station: ABK
#Position (GEO): lon=       18.8240 lat=      68.3560
Year Month Day Hour Min Sec GeomagLat GeomagLon dBdt_Horizonatl
[year] [month] [day] [hour] [min] [s] [deg] [deg] [nT/s]

2001 08 31 00 10 00     65.112     102.308     0.04235
2001 08 31 00 30 00     65.112     102.308     0.04573
2001 08 31 00 50 00     65.112     102.308     0.04474
2001 08 31 01 10 00     65.112     102.308     0.05249
2001 08 31 01 30 00     65.112     102.308     0.05811
2001 08 31 01 50 00     65.112     102.308     0.11510
2001 08 31 02 10 00     65.112     102.308     0.14939
2001 08 31 02 30 00     65.112     102.308     0.10614
2001 08 31 02 50 00     65.112     102.308     0.08457
2001 08 31 03 10 00     65.112     102.308     0.10197
2001 08 31 03 30 00     65.112     102.308     0.07910
2001 08 31 03 50 00     65.112     102.308     0.10159
2001 08 31 04 10 00     65.112     102.308     0.09405
2001 08 31 04 30 00     65.112     102.308     0.07723
2001 08 31 04 50 00     65.112     102.308     0.11895
2001 08 31 05 10 00     65.112     102.308     0.08006
2001 08 31 05 30 00     65.112     102.308     0.08458
2001 08 31 05 50 00     65.112     102.308     0.06948
2001 08 31 06 10 00     65.112     102.308     0.06945
2001 08 31 06 30 00     65.112     102.308     0.07241
2001 08 31 06 50 00     65.112     102.308     0.04921
2001 08 31 07 10 00     65.112     102.308     0.05456
2001 08 31 07 30 00     65.112     102.308     0.09148
2001 08 31 07 50 00     65.112     102.308     0.09972
2001 08 31 08 10 00     65.112     102.308     0.11205
2001 08 31 08 30 00     65.112     102.308     0.14375
2001 08 31 08 50 00     65.112     102.308     0.13135
2001 08 31 09 10 00     65.112     102.308     0.11803
2001 08 31 09 30 00     65.112     102.308     0.12830
2001 08 31 09 50 00     65.112     102.308     0.11687
2001 08 31 10 10 00     65.112     102.308     0.07911
2001 08 31 10 30 00     65.112     102.308     0.15495
2001 08 31 10 50 00     65.112     102.308     0.09172
2001 08 31 11 10 00     65.112     102.308     0.07689
2001 08 31 11 30 00     65.112     102.308     0.06394
2001 08 31 11 50 00     65.112     102.308     0.09466
2001 08 31 12 10 00     65.112     102.308     0.16963
2001 08 31 12 30 00     65.112     102.308     0.11221
2001 08 31 12 50 00     65.112     102.308     0.10037
2001 08 31 13 10 00     65.112     102.308     0.05108
2001 08 31 13 30 00     65.112     102.308     0.03216
2001 08 31 13 50 00     65.112     102.308     0.03089
2001 08 31 14 10 00     65.112     102.308     0.03922
2001 08 31 14 30 00     65.112     102.308     0.03440
2001 08 31 14 50 00     65.112     102.308     0.04483
2001 08 31 15 10 00     65.112     102.308     0.05733
2001 08 31 15 30 00     65.112     102.308     0.03852
2001 08 31 15 50 00     65.112     102.308     0.05564
2001 08 31 16 10 00     65.112     102.308     0.05723
2001 08 31 16 30 00     65.112     102.308     0.05206
2001 08 31 16 50 00     65.112     102.308     0.12360
2001 08 31 17 10 00     65.112     102.308     0.29836
2001 08 31 17 30 00     65.112     102.308     0.21345
2001 08 31 17 50 00     65.112     102.308     0.12371
2001 08 31 18 10 00     65.112     102.308     0.04966
2001 08 31 18 30 00     65.112     102.308     0.02629
2001 08 31 18 50 00     65.112     102.308     0.03296
2001 08 31 19 10 00     65.112     102.308     0.06857
2001 08 31 19 30 00     65.112     102.308     0.06081
2001 08 31 19 50 00     65.112     102.308     0.13442
2001 08 31 20 10 00     65.112     102.308     0.13372
2001 08 31 20 30 00     65.112     102.308     0.12064
2001 08 31 20 50 00     65.112     102.308     0.08072
2001 08 31 21 10 00     65.112     102.308     0.11186
2001 08 31 21 30 00     65.112     102.308     0.08568
2001 08 31 21 50 00     65.112     102.308     0.09852
2001 08 31 22 10 00     65.112     102.308     0.09275
2001 08 31 22 30 00     65.112     102.308     0.20713
2001 08 31 22 50 00     65.112     102.308     0.11539
2001 08 31 23 10 00     65.112     102.308     0.12797
2001 08 31 23 30 00     65.112     102.308     0.08141
2001 08 31 23 50 00     65.112     102.308     0.10296
