# run: Mean_20230628
# model: Mean
# Shielding angle [deg.]:      -90.0000
# North, East and vertical components of magnetic field
# Station: OTT
#Position (GEO): lon=       284.447 lat=      45.4030
Year Month Day Hour Min Sec GeomagLat GeomagLon dBdt_Horizonatl
[year] [month] [day] [hour] [min] [s] [deg] [deg] [nT/s]

2001 08 31 00 10 00     56.326     0.748     0.01254
2001 08 31 00 30 00     56.326     0.748     0.01701
2001 08 31 00 50 00     56.326     0.748     0.01492
2001 08 31 01 10 00     56.326     0.748     0.02170
2001 08 31 01 30 00     56.326     0.748     0.02269
2001 08 31 01 50 00     56.326     0.748     0.04922
2001 08 31 02 10 00     56.326     0.748     0.02962
2001 08 31 02 30 00     56.326     0.748     0.03016
2001 08 31 02 50 00     56.326     0.748     0.03507
2001 08 31 03 10 00     56.326     0.748     0.04118
2001 08 31 03 30 00     56.326     0.748     0.03066
2001 08 31 03 50 00     56.326     0.748     0.03518
2001 08 31 04 10 00     56.326     0.748     0.02872
2001 08 31 04 30 00     56.326     0.748     0.03434
2001 08 31 04 50 00     56.326     0.748     0.04425
2001 08 31 05 10 00     56.326     0.748     0.03105
2001 08 31 05 30 00     56.326     0.748     0.03030
2001 08 31 05 50 00     56.326     0.748     0.02968
2001 08 31 06 10 00     56.326     0.748     0.02951
2001 08 31 06 30 00     56.326     0.748     0.03763
2001 08 31 06 50 00     56.326     0.748     0.02963
2001 08 31 07 10 00     56.326     0.748     0.03071
2001 08 31 07 30 00     56.326     0.748     0.04490
2001 08 31 07 50 00     56.326     0.748     0.03843
2001 08 31 08 10 00     56.326     0.748     0.04564
2001 08 31 08 30 00     56.326     0.748     0.05990
2001 08 31 08 50 00     56.326     0.748     0.06312
2001 08 31 09 10 00     56.326     0.748     0.05683
2001 08 31 09 30 00     56.326     0.748     0.05866
2001 08 31 09 50 00     56.326     0.748     0.05501
2001 08 31 10 10 00     56.326     0.748     0.04755
2001 08 31 10 30 00     56.326     0.748     0.06913
2001 08 31 10 50 00     56.326     0.748     0.07456
2001 08 31 11 10 00     56.326     0.748     0.04821
2001 08 31 11 30 00     56.326     0.748     0.04496
2001 08 31 11 50 00     56.326     0.748     0.04869
2001 08 31 12 10 00     56.326     0.748     0.06485
2001 08 31 12 30 00     56.326     0.748     0.05424
2001 08 31 12 50 00     56.326     0.748     0.04429
2001 08 31 13 10 00     56.326     0.748     0.03472
2001 08 31 13 30 00     56.326     0.748     0.01775
2001 08 31 13 50 00     56.326     0.748     0.01449
2001 08 31 14 10 00     56.326     0.748     0.01274
2001 08 31 14 30 00     56.326     0.748     0.01638
2001 08 31 14 50 00     56.326     0.748     0.02410
2001 08 31 15 10 00     56.326     0.748     0.02000
2001 08 31 15 30 00     56.326     0.748     0.01626
2001 08 31 15 50 00     56.326     0.748     0.02291
2001 08 31 16 10 00     56.326     0.748     0.02148
2001 08 31 16 30 00     56.326     0.748     0.02196
2001 08 31 16 50 00     56.326     0.748     0.03867
2001 08 31 17 10 00     56.326     0.748     0.05421
2001 08 31 17 30 00     56.326     0.748     0.03670
2001 08 31 17 50 00     56.326     0.748     0.03601
2001 08 31 18 10 00     56.326     0.748     0.02579
2001 08 31 18 30 00     56.326     0.748     0.02170
2001 08 31 18 50 00     56.326     0.748     0.02552
2001 08 31 19 10 00     56.326     0.748     0.02991
2001 08 31 19 30 00     56.326     0.748     0.03409
2001 08 31 19 50 00     56.326     0.748     0.03390
2001 08 31 20 10 00     56.326     0.748     0.04060
2001 08 31 20 30 00     56.326     0.748     0.03019
2001 08 31 20 50 00     56.326     0.748     0.03990
2001 08 31 21 10 00     56.326     0.748     0.03586
2001 08 31 21 30 00     56.326     0.748     0.03491
2001 08 31 21 50 00     56.326     0.748     0.03044
2001 08 31 22 10 00     56.326     0.748     0.04619
2001 08 31 22 30 00     56.326     0.748     0.04829
2001 08 31 22 50 00     56.326     0.748     0.03664
2001 08 31 23 10 00     56.326     0.748     0.03047
2001 08 31 23 30 00     56.326     0.748     0.02306
2001 08 31 23 50 00     56.326     0.748     0.02272
