# run: Median_20230628
# model: Median
# Shielding angle [deg.]:      -90.0000
# North, East and vertical components of magnetic field
# Station: SNK
#Position (GEO): lon=       280.800 lat=      56.6000
Year Month Day Hour Min Sec GeomagLat GeomagLon dBdt_Horizonatl
[year] [month] [day] [hour] [min] [s] [deg] [deg] [nT/s]

2011 08 05 09 10 00     66.41     358.083     0.02282
2011 08 05 09 30 00     66.41     358.083     0.02785
2011 08 05 09 50 00     66.41     358.083     0.02391
2011 08 05 10 10 00     66.41     358.083     0.01919
2011 08 05 10 30 00     66.41     358.083     0.02611
2011 08 05 10 50 00     66.41     358.083     0.03624
2011 08 05 11 10 00     66.41     358.083     0.02490
2011 08 05 11 30 00     66.41     358.083     0.01388
2011 08 05 11 50 00     66.41     358.083     0.03484
2011 08 05 12 10 00     66.41     358.083     0.02447
2011 08 05 12 30 00     66.41     358.083     0.03838
2011 08 05 12 50 00     66.41     358.083     0.02937
2011 08 05 13 10 00     66.41     358.083     0.05545
2011 08 05 13 30 00     66.41     358.083     0.05293
2011 08 05 13 50 00     66.41     358.083     0.04035
2011 08 05 14 10 00     66.41     358.083     0.03500
2011 08 05 14 30 00     66.41     358.083     0.03937
2011 08 05 14 50 00     66.41     358.083     0.04373
2011 08 05 15 10 00     66.41     358.083     0.02398
2011 08 05 15 30 00     66.41     358.083     0.03808
2011 08 05 15 50 00     66.41     358.083     0.02394
2011 08 05 16 10 00     66.41     358.083     0.02800
2011 08 05 16 30 00     66.41     358.083     0.04257
2011 08 05 16 50 00     66.41     358.083     0.03918
2011 08 05 17 10 00     66.41     358.083     0.03348
2011 08 05 17 30 00     66.41     358.083     0.03535
2011 08 05 17 50 00     66.41     358.083     0.03859
2011 08 05 18 10 00     66.41     358.083     0.03329
2011 08 05 18 30 00     66.41     358.083     0.08227
2011 08 05 18 50 00     66.41     358.083     0.18558
2011 08 05 19 10 00     66.41     358.083     0.22577
2011 08 05 19 30 00     66.41     358.083     0.66444
2011 08 05 19 50 00     66.41     358.083     0.32821
2011 08 05 20 10 00     66.41     358.083     0.99584
2011 08 05 20 30 00     66.41     358.083     2.00110
2011 08 05 20 50 00     66.41     358.083     1.19508
2011 08 05 21 10 00     66.41     358.083     0.62650
2011 08 05 21 30 00     66.41     358.083     0.41718
2011 08 05 21 50 00     66.41     358.083     0.48971
2011 08 05 22 10 00     66.41     358.083     0.40025
2011 08 05 22 30 00     66.41     358.083     0.20797
2011 08 05 22 50 00     66.41     358.083     0.37477
2011 08 05 23 10 00     66.41     358.083     0.48822
2011 08 05 23 30 00     66.41     358.083     0.21586
2011 08 05 23 50 00     66.41     358.083     0.63804
2011 08 06 00 10 00     66.41     358.083     0.43972
2011 08 06 00 30 00     66.41     358.083     0.35270
2011 08 06 00 50 00     66.41     358.083     0.63228
2011 08 06 01 10 00     66.41     358.083     0.41348
2011 08 06 01 30 00     66.41     358.083     0.30519
2011 08 06 01 50 00     66.41     358.083     0.21951
2011 08 06 02 10 00     66.41     358.083     0.31784
2011 08 06 02 30 00     66.41     358.083     0.21070
2011 08 06 02 50 00     66.41     358.083     0.31845
2011 08 06 03 10 00     66.41     358.083     0.18883
2011 08 06 03 30 00     66.41     358.083     0.23092
2011 08 06 03 50 00     66.41     358.083     0.11648
2011 08 06 04 10 00     66.41     358.083     0.07370
2011 08 06 04 30 00     66.41     358.083     0.09278
2011 08 06 04 50 00     66.41     358.083     0.13921
2011 08 06 05 10 00     66.41     358.083     0.19468
2011 08 06 05 30 00     66.41     358.083     0.23556
2011 08 06 05 50 00     66.41     358.083     0.26482
2011 08 06 06 10 00     66.41     358.083     0.15920
2011 08 06 06 30 00     66.41     358.083     0.36094
2011 08 06 06 50 00     66.41     358.083     0.45761
2011 08 06 07 10 00     66.41     358.083     0.35338
2011 08 06 07 30 00     66.41     358.083     0.21062
2011 08 06 07 50 00     66.41     358.083     0.21843
2011 08 06 08 10 00     66.41     358.083     0.27551
2011 08 06 08 30 00     66.41     358.083     0.23377
2011 08 06 08 50 00     66.41     358.083     0.24000
