# run: Median_20230628
# model: Median
# Shielding angle [deg.]:      -90.0000
# North, East and vertical components of magnetic field
# Station: WNG
#Position (GEO): lon=       9.07300 lat=      53.7430
Year Month Day Hour Min Sec GeomagLat GeomagLon dBdt_Horizonatl
[year] [month] [day] [hour] [min] [s] [deg] [deg] [nT/s]

2011 08 05 09 10 00     50.166     86.996     0.00940
2011 08 05 09 30 00     50.166     86.996     0.00912
2011 08 05 09 50 00     50.166     86.996     0.01267
2011 08 05 10 10 00     50.166     86.996     0.01165
2011 08 05 10 30 00     50.166     86.996     0.00825
2011 08 05 10 50 00     50.166     86.996     0.01400
2011 08 05 11 10 00     50.166     86.996     0.00799
2011 08 05 11 30 00     50.166     86.996     0.00694
2011 08 05 11 50 00     50.166     86.996     0.00803
2011 08 05 12 10 00     50.166     86.996     0.01312
2011 08 05 12 30 00     50.166     86.996     0.02104
2011 08 05 12 50 00     50.166     86.996     0.01014
2011 08 05 13 10 00     50.166     86.996     0.01931
2011 08 05 13 30 00     50.166     86.996     0.02374
2011 08 05 13 50 00     50.166     86.996     0.01844
2011 08 05 14 10 00     50.166     86.996     0.01477
2011 08 05 14 30 00     50.166     86.996     0.01919
2011 08 05 14 50 00     50.166     86.996     0.02034
2011 08 05 15 10 00     50.166     86.996     0.01481
2011 08 05 15 30 00     50.166     86.996     0.02011
2011 08 05 15 50 00     50.166     86.996     0.02347
2011 08 05 16 10 00     50.166     86.996     0.01902
2011 08 05 16 30 00     50.166     86.996     0.02724
2011 08 05 16 50 00     50.166     86.996     0.03017
2011 08 05 17 10 00     50.166     86.996     0.02901
2011 08 05 17 30 00     50.166     86.996     0.01567
2011 08 05 17 50 00     50.166     86.996     0.01180
2011 08 05 18 10 00     50.166     86.996     0.02588
2011 08 05 18 30 00     50.166     86.996     0.14694
2011 08 05 18 50 00     50.166     86.996     0.07562
2011 08 05 19 10 00     50.166     86.996     0.08159
2011 08 05 19 30 00     50.166     86.996     0.38706
2011 08 05 19 50 00     50.166     86.996     0.20570
2011 08 05 20 10 00     50.166     86.996     0.26194
2011 08 05 20 30 00     50.166     86.996     0.30642
2011 08 05 20 50 00     50.166     86.996     0.28406
2011 08 05 21 10 00     50.166     86.996     0.17710
2011 08 05 21 30 00     50.166     86.996     0.17496
2011 08 05 21 50 00     50.166     86.996     0.15106
2011 08 05 22 10 00     50.166     86.996     0.15551
2011 08 05 22 30 00     50.166     86.996     0.12349
2011 08 05 22 50 00     50.166     86.996     0.13402
2011 08 05 23 10 00     50.166     86.996     0.20376
2011 08 05 23 30 00     50.166     86.996     0.10197
2011 08 05 23 50 00     50.166     86.996     0.11922
2011 08 06 00 10 00     50.166     86.996     0.11292
2011 08 06 00 30 00     50.166     86.996     nan
2011 08 06 00 50 00     50.166     86.996     0.11091
2011 08 06 01 10 00     50.166     86.996     0.13647
2011 08 06 01 30 00     50.166     86.996     0.09372
2011 08 06 01 50 00     50.166     86.996     0.07085
2011 08 06 02 10 00     50.166     86.996     0.06125
2011 08 06 02 30 00     50.166     86.996     0.08969
2011 08 06 02 50 00     50.166     86.996     0.07027
2011 08 06 03 10 00     50.166     86.996     0.04793
2011 08 06 03 30 00     50.166     86.996     0.07637
2011 08 06 03 50 00     50.166     86.996     0.05520
2011 08 06 04 10 00     50.166     86.996     0.03805
2011 08 06 04 30 00     50.166     86.996     0.05082
2011 08 06 04 50 00     50.166     86.996     0.04138
2011 08 06 05 10 00     50.166     86.996     0.08692
2011 08 06 05 30 00     50.166     86.996     0.08020
2011 08 06 05 50 00     50.166     86.996     0.13671
2011 08 06 06 10 00     50.166     86.996     0.11261
2011 08 06 06 30 00     50.166     86.996     0.18901
2011 08 06 06 50 00     50.166     86.996     0.20359
2011 08 06 07 10 00     50.166     86.996     0.14126
2011 08 06 07 30 00     50.166     86.996     0.14510
2011 08 06 07 50 00     50.166     86.996     0.11163
2011 08 06 08 10 00     50.166     86.996     0.16576
2011 08 06 08 30 00     50.166     86.996     0.08769
2011 08 06 08 50 00     50.166     86.996     0.12965
