# run: Median_20230628
# model: Median
# Shielding angle [deg.]:      -90.0000
# North, East and vertical components of magnetic field
# Station: YKC
#Position (GEO): lon=        lat=      
Year Month Day Hour Min Sec GeomagLat GeomagLon dBdt_Horizonatl
[year] [month] [day] [hour] [min] [s] [deg] [deg] [nT/s]

2011 08 05 09 10 00     65.112     102.308     0.02277
2011 08 05 09 30 00     65.112     102.308     0.03070
2011 08 05 09 50 00     65.112     102.308     0.03040
2011 08 05 10 10 00     65.112     102.308     0.02216
2011 08 05 10 30 00     65.112     102.308     0.02457
2011 08 05 10 50 00     65.112     102.308     0.03818
2011 08 05 11 10 00     65.112     102.308     0.02046
2011 08 05 11 30 00     65.112     102.308     0.01919
2011 08 05 11 50 00     65.112     102.308     0.04273
2011 08 05 12 10 00     65.112     102.308     0.03152
2011 08 05 12 30 00     65.112     102.308     0.04130
2011 08 05 12 50 00     65.112     102.308     0.02683
2011 08 05 13 10 00     65.112     102.308     0.05747
2011 08 05 13 30 00     65.112     102.308     0.05495
2011 08 05 13 50 00     65.112     102.308     0.03045
2011 08 05 14 10 00     65.112     102.308     0.02839
2011 08 05 14 30 00     65.112     102.308     0.03769
2011 08 05 14 50 00     65.112     102.308     0.04312
2011 08 05 15 10 00     65.112     102.308     0.03520
2011 08 05 15 30 00     65.112     102.308     0.03794
2011 08 05 15 50 00     65.112     102.308     0.05555
2011 08 05 16 10 00     65.112     102.308     0.04510
2011 08 05 16 30 00     65.112     102.308     0.06320
2011 08 05 16 50 00     65.112     102.308     0.05485
2011 08 05 17 10 00     65.112     102.308     0.06082
2011 08 05 17 30 00     65.112     102.308     0.04872
2011 08 05 17 50 00     65.112     102.308     0.04519
2011 08 05 18 10 00     65.112     102.308     0.05801
2011 08 05 18 30 00     65.112     102.308     0.38291
2011 08 05 18 50 00     65.112     102.308     0.26225
2011 08 05 19 10 00     65.112     102.308     0.29755
2011 08 05 19 30 00     65.112     102.308     1.20395
2011 08 05 19 50 00     65.112     102.308     0.65604
2011 08 05 20 10 00     65.112     102.308     2.11786
2011 08 05 20 30 00     65.112     102.308     3.54836
2011 08 05 20 50 00     65.112     102.308     1.29044
2011 08 05 21 10 00     65.112     102.308     0.73215
2011 08 05 21 30 00     65.112     102.308     0.67952
2011 08 05 21 50 00     65.112     102.308     0.83811
2011 08 05 22 10 00     65.112     102.308     0.39854
2011 08 05 22 30 00     65.112     102.308     0.21426
2011 08 05 22 50 00     65.112     102.308     0.37088
2011 08 05 23 10 00     65.112     102.308     0.51049
2011 08 05 23 30 00     65.112     102.308     0.19999
2011 08 05 23 50 00     65.112     102.308     0.50734
2011 08 06 00 10 00     65.112     102.308     0.54762
2011 08 06 00 30 00     65.112     102.308     nan
2011 08 06 00 50 00     65.112     102.308     0.54916
2011 08 06 01 10 00     65.112     102.308     0.36041
2011 08 06 01 30 00     65.112     102.308     0.31333
2011 08 06 01 50 00     65.112     102.308     0.22401
2011 08 06 02 10 00     65.112     102.308     0.19957
2011 08 06 02 30 00     65.112     102.308     0.18492
2011 08 06 02 50 00     65.112     102.308     0.26938
2011 08 06 03 10 00     65.112     102.308     0.13803
2011 08 06 03 30 00     65.112     102.308     0.21250
2011 08 06 03 50 00     65.112     102.308     0.15671
2011 08 06 04 10 00     65.112     102.308     0.05873
2011 08 06 04 30 00     65.112     102.308     0.09379
2011 08 06 04 50 00     65.112     102.308     0.12145
2011 08 06 05 10 00     65.112     102.308     0.21278
2011 08 06 05 30 00     65.112     102.308     0.31073
2011 08 06 05 50 00     65.112     102.308     0.35767
2011 08 06 06 10 00     65.112     102.308     0.14075
2011 08 06 06 30 00     65.112     102.308     0.23737
2011 08 06 06 50 00     65.112     102.308     0.40226
2011 08 06 07 10 00     65.112     102.308     0.33252
2011 08 06 07 30 00     65.112     102.308     0.29801
2011 08 06 07 50 00     65.112     102.308     0.24873
2011 08 06 08 10 00     65.112     102.308     0.22341
2011 08 06 08 30 00     65.112     102.308     0.16869
2011 08 06 08 50 00     65.112     102.308     0.22364
