# run: Mean_20230628
# model: Mean
# Shielding angle [deg.]:      -90.0000
# North, East and vertical components of magnetic field
# Station: NEW
#Position (GEO): lon=       242.518 lat=      48.2710
Year Month Day Hour Min Sec GeomagLat GeomagLon dBdt_Horizonatl
[year] [month] [day] [hour] [min] [s] [deg] [deg] [nT/s]

2011 08 05 09 10 00     55.049     302.696     0.01199
2011 08 05 09 30 00     55.049     302.696     0.01923
2011 08 05 09 50 00     55.049     302.696     0.02348
2011 08 05 10 10 00     55.049     302.696     0.01661
2011 08 05 10 30 00     55.049     302.696     0.02014
2011 08 05 10 50 00     55.049     302.696     0.01360
2011 08 05 11 10 00     55.049     302.696     0.01133
2011 08 05 11 30 00     55.049     302.696     0.00756
2011 08 05 11 50 00     55.049     302.696     0.01320
2011 08 05 12 10 00     55.049     302.696     0.01150
2011 08 05 12 30 00     55.049     302.696     0.01300
2011 08 05 12 50 00     55.049     302.696     0.01503
2011 08 05 13 10 00     55.049     302.696     0.02891
2011 08 05 13 30 00     55.049     302.696     0.01987
2011 08 05 13 50 00     55.049     302.696     0.01151
2011 08 05 14 10 00     55.049     302.696     0.01070
2011 08 05 14 30 00     55.049     302.696     0.01379
2011 08 05 14 50 00     55.049     302.696     0.01448
2011 08 05 15 10 00     55.049     302.696     0.01219
2011 08 05 15 30 00     55.049     302.696     0.01464
2011 08 05 15 50 00     55.049     302.696     0.02351
2011 08 05 16 10 00     55.049     302.696     0.02184
2011 08 05 16 30 00     55.049     302.696     0.02781
2011 08 05 16 50 00     55.049     302.696     0.02326
2011 08 05 17 10 00     55.049     302.696     0.01899
2011 08 05 17 30 00     55.049     302.696     0.01661
2011 08 05 17 50 00     55.049     302.696     0.01919
2011 08 05 18 10 00     55.049     302.696     0.04262
2011 08 05 18 30 00     55.049     302.696     0.12281
2011 08 05 18 50 00     55.049     302.696     0.08880
2011 08 05 19 10 00     55.049     302.696     0.13113
2011 08 05 19 30 00     55.049     302.696     0.42588
2011 08 05 19 50 00     55.049     302.696     0.28980
2011 08 05 20 10 00     55.049     302.696     0.50476
2011 08 05 20 30 00     55.049     302.696     0.84961
2011 08 05 20 50 00     55.049     302.696     0.40854
2011 08 05 21 10 00     55.049     302.696     0.19127
2011 08 05 21 30 00     55.049     302.696     0.20087
2011 08 05 21 50 00     55.049     302.696     0.33656
2011 08 05 22 10 00     55.049     302.696     0.37822
2011 08 05 22 30 00     55.049     302.696     0.26257
2011 08 05 22 50 00     55.049     302.696     0.26649
2011 08 05 23 10 00     55.049     302.696     0.57567
2011 08 05 23 30 00     55.049     302.696     0.22389
2011 08 05 23 50 00     55.049     302.696     0.25834
2011 08 06 00 10 00     55.049     302.696     0.25491
2011 08 06 00 30 00     55.049     302.696     nan
2011 08 06 00 50 00     55.049     302.696     0.28134
2011 08 06 01 10 00     55.049     302.696     0.26633
2011 08 06 01 30 00     55.049     302.696     0.22465
2011 08 06 01 50 00     55.049     302.696     0.12930
2011 08 06 02 10 00     55.049     302.696     0.09394
2011 08 06 02 30 00     55.049     302.696     0.11614
2011 08 06 02 50 00     55.049     302.696     0.09684
2011 08 06 03 10 00     55.049     302.696     0.08693
2011 08 06 03 30 00     55.049     302.696     0.07335
2011 08 06 03 50 00     55.049     302.696     0.06222
2011 08 06 04 10 00     55.049     302.696     0.03907
2011 08 06 04 30 00     55.049     302.696     0.04636
2011 08 06 04 50 00     55.049     302.696     0.05485
2011 08 06 05 10 00     55.049     302.696     0.07406
2011 08 06 05 30 00     55.049     302.696     0.08945
2011 08 06 05 50 00     55.049     302.696     0.14026
2011 08 06 06 10 00     55.049     302.696     0.10295
2011 08 06 06 30 00     55.049     302.696     0.13653
2011 08 06 06 50 00     55.049     302.696     0.17714
2011 08 06 07 10 00     55.049     302.696     0.13020
2011 08 06 07 30 00     55.049     302.696     0.10748
2011 08 06 07 50 00     55.049     302.696     0.13818
2011 08 06 08 10 00     55.049     302.696     0.13418
2011 08 06 08 30 00     55.049     302.696     0.06313
2011 08 06 08 50 00     55.049     302.696     0.08639
