# run: Mean_20230628
# model: Mean
# Shielding angle [deg.]:      -90.0000
# North, East and vertical components of magnetic field
# Station: OTT
#Position (GEO): lon=       284.447 lat=      45.4030
Year Month Day Hour Min Sec GeomagLat GeomagLon dBdt_Horizonatl
[year] [month] [day] [hour] [min] [s] [deg] [deg] [nT/s]

2011 08 05 09 10 00     56.326     0.748     0.01151
2011 08 05 09 30 00     56.326     0.748     0.01332
2011 08 05 09 50 00     56.326     0.748     0.01762
2011 08 05 10 10 00     56.326     0.748     0.01393
2011 08 05 10 30 00     56.326     0.748     0.01728
2011 08 05 10 50 00     56.326     0.748     0.01486
2011 08 05 11 10 00     56.326     0.748     0.00874
2011 08 05 11 30 00     56.326     0.748     0.00948
2011 08 05 11 50 00     56.326     0.748     0.01447
2011 08 05 12 10 00     56.326     0.748     0.01795
2011 08 05 12 30 00     56.326     0.748     0.01874
2011 08 05 12 50 00     56.326     0.748     0.02222
2011 08 05 13 10 00     56.326     0.748     0.04759
2011 08 05 13 30 00     56.326     0.748     0.03030
2011 08 05 13 50 00     56.326     0.748     0.02074
2011 08 05 14 10 00     56.326     0.748     0.01740
2011 08 05 14 30 00     56.326     0.748     0.02111
2011 08 05 14 50 00     56.326     0.748     0.02251
2011 08 05 15 10 00     56.326     0.748     0.01353
2011 08 05 15 30 00     56.326     0.748     0.01650
2011 08 05 15 50 00     56.326     0.748     0.01905
2011 08 05 16 10 00     56.326     0.748     0.01710
2011 08 05 16 30 00     56.326     0.748     0.01875
2011 08 05 16 50 00     56.326     0.748     0.01849
2011 08 05 17 10 00     56.326     0.748     0.01652
2011 08 05 17 30 00     56.326     0.748     0.01143
2011 08 05 17 50 00     56.326     0.748     0.01340
2011 08 05 18 10 00     56.326     0.748     0.03532
2011 08 05 18 30 00     56.326     0.748     0.11344
2011 08 05 18 50 00     56.326     0.748     0.08047
2011 08 05 19 10 00     56.326     0.748     0.14864
2011 08 05 19 30 00     56.326     0.748     0.63937
2011 08 05 19 50 00     56.326     0.748     0.31009
2011 08 05 20 10 00     56.326     0.748     0.59312
2011 08 05 20 30 00     56.326     0.748     1.54927
2011 08 05 20 50 00     56.326     0.748     0.64156
2011 08 05 21 10 00     56.326     0.748     0.37188
2011 08 05 21 30 00     56.326     0.748     0.33598
2011 08 05 21 50 00     56.326     0.748     0.37401
2011 08 05 22 10 00     56.326     0.748     0.37920
2011 08 05 22 30 00     56.326     0.748     0.21929
2011 08 05 22 50 00     56.326     0.748     0.30079
2011 08 05 23 10 00     56.326     0.748     0.41246
2011 08 05 23 30 00     56.326     0.748     0.23311
2011 08 05 23 50 00     56.326     0.748     0.26452
2011 08 06 00 10 00     56.326     0.748     0.23289
2011 08 06 00 30 00     56.326     0.748     nan
2011 08 06 00 50 00     56.326     0.748     0.19749
2011 08 06 01 10 00     56.326     0.748     0.24082
2011 08 06 01 30 00     56.326     0.748     0.12651
2011 08 06 01 50 00     56.326     0.748     0.10826
2011 08 06 02 10 00     56.326     0.748     0.10929
2011 08 06 02 30 00     56.326     0.748     0.09098
2011 08 06 02 50 00     56.326     0.748     0.10664
2011 08 06 03 10 00     56.326     0.748     0.08435
2011 08 06 03 30 00     56.326     0.748     0.11021
2011 08 06 03 50 00     56.326     0.748     0.07278
2011 08 06 04 10 00     56.326     0.748     0.02608
2011 08 06 04 30 00     56.326     0.748     0.04171
2011 08 06 04 50 00     56.326     0.748     0.05862
2011 08 06 05 10 00     56.326     0.748     0.09611
2011 08 06 05 30 00     56.326     0.748     0.10825
2011 08 06 05 50 00     56.326     0.748     0.17074
2011 08 06 06 10 00     56.326     0.748     0.12483
2011 08 06 06 30 00     56.326     0.748     0.14780
2011 08 06 06 50 00     56.326     0.748     0.17054
2011 08 06 07 10 00     56.326     0.748     0.25139
2011 08 06 07 30 00     56.326     0.748     0.10957
2011 08 06 07 50 00     56.326     0.748     0.12938
2011 08 06 08 10 00     56.326     0.748     0.21730
2011 08 06 08 30 00     56.326     0.748     0.07103
2011 08 06 08 50 00     56.326     0.748     0.08268
