# run: Mean_20230628
# model: Mean
# Shielding angle [deg.]:      -90.0000
# North, East and vertical components of magnetic field
# Station: WNG
#Position (GEO): lon=       9.07300 lat=      53.7430
Year Month Day Hour Min Sec GeomagLat GeomagLon dBdt_Horizonatl
[year] [month] [day] [hour] [min] [s] [deg] [deg] [nT/s]

2011 08 05 09 10 00     50.166     86.996     0.01131
2011 08 05 09 30 00     50.166     86.996     0.01592
2011 08 05 09 50 00     50.166     86.996     0.01746
2011 08 05 10 10 00     50.166     86.996     0.01187
2011 08 05 10 30 00     50.166     86.996     0.01009
2011 08 05 10 50 00     50.166     86.996     0.01512
2011 08 05 11 10 00     50.166     86.996     0.00944
2011 08 05 11 30 00     50.166     86.996     0.00809
2011 08 05 11 50 00     50.166     86.996     0.01231
2011 08 05 12 10 00     50.166     86.996     0.01343
2011 08 05 12 30 00     50.166     86.996     0.01635
2011 08 05 12 50 00     50.166     86.996     0.01608
2011 08 05 13 10 00     50.166     86.996     0.03649
2011 08 05 13 30 00     50.166     86.996     0.03163
2011 08 05 13 50 00     50.166     86.996     0.01636
2011 08 05 14 10 00     50.166     86.996     0.01568
2011 08 05 14 30 00     50.166     86.996     0.01753
2011 08 05 14 50 00     50.166     86.996     0.02138
2011 08 05 15 10 00     50.166     86.996     0.01754
2011 08 05 15 30 00     50.166     86.996     0.01851
2011 08 05 15 50 00     50.166     86.996     0.02343
2011 08 05 16 10 00     50.166     86.996     0.01982
2011 08 05 16 30 00     50.166     86.996     0.02824
2011 08 05 16 50 00     50.166     86.996     0.02658
2011 08 05 17 10 00     50.166     86.996     0.02483
2011 08 05 17 30 00     50.166     86.996     0.02125
2011 08 05 17 50 00     50.166     86.996     0.01543
2011 08 05 18 10 00     50.166     86.996     0.06362
2011 08 05 18 30 00     50.166     86.996     0.12802
2011 08 05 18 50 00     50.166     86.996     0.08507
2011 08 05 19 10 00     50.166     86.996     0.15787
2011 08 05 19 30 00     50.166     86.996     0.42899
2011 08 05 19 50 00     50.166     86.996     0.20832
2011 08 05 20 10 00     50.166     86.996     0.31163
2011 08 05 20 30 00     50.166     86.996     1.02439
2011 08 05 20 50 00     50.166     86.996     0.30045
2011 08 05 21 10 00     50.166     86.996     0.18841
2011 08 05 21 30 00     50.166     86.996     0.16977
2011 08 05 21 50 00     50.166     86.996     0.28577
2011 08 05 22 10 00     50.166     86.996     0.22164
2011 08 05 22 30 00     50.166     86.996     0.22825
2011 08 05 22 50 00     50.166     86.996     0.22158
2011 08 05 23 10 00     50.166     86.996     0.21774
2011 08 05 23 30 00     50.166     86.996     0.19653
2011 08 05 23 50 00     50.166     86.996     0.12117
2011 08 06 00 10 00     50.166     86.996     0.10022
2011 08 06 00 30 00     50.166     86.996     nan
2011 08 06 00 50 00     50.166     86.996     0.10755
2011 08 06 01 10 00     50.166     86.996     0.14889
2011 08 06 01 30 00     50.166     86.996     0.09556
2011 08 06 01 50 00     50.166     86.996     0.07351
2011 08 06 02 10 00     50.166     86.996     0.09313
2011 08 06 02 30 00     50.166     86.996     0.07791
2011 08 06 02 50 00     50.166     86.996     0.06919
2011 08 06 03 10 00     50.166     86.996     0.07167
2011 08 06 03 30 00     50.166     86.996     0.06588
2011 08 06 03 50 00     50.166     86.996     0.05819
2011 08 06 04 10 00     50.166     86.996     0.04051
2011 08 06 04 30 00     50.166     86.996     0.05513
2011 08 06 04 50 00     50.166     86.996     0.06075
2011 08 06 05 10 00     50.166     86.996     0.09942
2011 08 06 05 30 00     50.166     86.996     0.13221
2011 08 06 05 50 00     50.166     86.996     0.13826
2011 08 06 06 10 00     50.166     86.996     0.14465
2011 08 06 06 30 00     50.166     86.996     0.16510
2011 08 06 06 50 00     50.166     86.996     0.17035
2011 08 06 07 10 00     50.166     86.996     0.17276
2011 08 06 07 30 00     50.166     86.996     0.19314
2011 08 06 07 50 00     50.166     86.996     0.10713
2011 08 06 08 10 00     50.166     86.996     0.17097
2011 08 06 08 30 00     50.166     86.996     0.08215
2011 08 06 08 50 00     50.166     86.996     0.08761
